0001
0002
0003
0004
0006
0007
0009
0010
0011
0014
0015
0016
0017
0018
0019
0021
0022
0023
0024
0025
0026
0029
0030
0033
0034
0036
0039
0040
0042
0045
0046
0047
0048
0049
0051
0052
0053
0054
0055
0056
0057
0058
0059
0060
0061
0062
0063
0064
0065
0066
0068
0069
0070
0071
0072
0073
0074
0075
0076
0077
0079
0081
0082
0083
0084
0085
0086
0087
0088
0089
0090
0091
0092
0093
0094
0095
0096
0097
0098
0099
0100
0101
0102
0104
0105
0106
0107
0108
0109
0110
0111
0112
0113
0115
0116
0117
0118
0119
0120
0121
0123
0125
0126
0127
0129
0131
0132
0133
0134
0135
0137
0138
0139
0140
0141
0142
0143
0145
0146
0147
0148
0149
0150
0151
0152
0153
0154
0155
0157
0158
0159
0160
0161
0162
0163
0164
0165
0166
0167
0168
0169
0170
0171
0172
0173
0174
0175
0176
0178
0179
0180
0181
0182
0183
0184
0185
0187
0188
0189
0191
0194
0195
0196
0197
0198
0199
0200
0201
0202
0204
0205
0206
0207
0208
0209
0210
0212
0213
0215
0216
0217
0218
0219
0220
0222
0223
0225
0226
0228
0230
0233
0235
0237
0238
0239
0240
0241
0242
0243
0244
0245
0246
0248
0249
0251
0253
0255
0256
0258
0259
0260
0261
0262
0263
0264
0266
0267
0268
0269
0270
0271
0272
0273
0274
0275
0276
0277
0279
0280
0281
0282
0283
0284
0285
0286
0287
0288
0290
0291
0292
0293
0294
0295
0296
0297
0298
0299
0300
0302
0303
0304
0305
0306
0307
0308
0309
0311
0312
0313
0314
0315
0316
0317
0318
0319
0320
0321
0322
0323
0324
0325
0326
0327
0329
0330
0331
0332
0333
0334
0335
0337
0338
0340
0341
0342
0343
0344
0345
0346
0348
0349
0350
0351
0353
0354
0355
0356
0357
0359
0361
0362
0364
0366
0368
0369
0371
0372
0375
0380
0382
0383
0385
0386
0388
0390
0391
0392
0393
0395
0397
0399
0400
0402
0404
0405
0406
0407
0409
0411
0413
0424
0427
0437
0478
0491
0512
0534
0544
0546
0566
0597
0616
0618
0620
0628
0638
0642
0645
0653
0665
0675
0703
0726
0730
0735
0756
0761
0766
0786
0815
0818
0830
0856
0858
0870
0876
0920
0925
0940
0963
0971
0985
1001
1002
1005
1006
1007
1008
1009
1010
1011
1012
1015
1016
1018
1020
1022
1027
1028
1030
1034
1036
1037
1038
1040
1042
1044
1046
1048
1050
1051
1053
1055
1057
1059
1060
1063
1082
1097
1137
1145
1187
1198
1234
1246
1290
1294
1296
1304
1319
1325
1352
1362
1373
1377
1392
1412
1413
1414
1417
1437
1450
1459
1485
1491
1493
1497
1498
1513
1520
1528
1536
1552
1557
1568
1571
1577
1614
1646
1661
1676
1687
1690
1706
1709
1712
1713
1714
1716
1718
1719
1722
1724
1726
1728
1730
1731
1732
1734
1735
1736
1738
1741
1742
1743
1744
1747
1749
1753
1756
1757
1759
1760
1765
1771
1774
1778
1781
1784
1790
1800
1805
1812
1815
1816
1818
1821
1822
1824
1826
1827
1828
1831
1832
1834
1837
1839
1840
1843
1844
1845
1846
1848
1849
1851
1852
1853
1855
1856
1857
1858
1859
1861
1862
1863
1865
1867
1868
1869
1871
1872
1873
1874
1875
1876
1877
1878
1879
1880
1881
1882
1883
1887
1889
1891
1893
1895
1896
1898
1899
1900
1903
1909
1913
1915
1917
1919
1920
1921
1923
1924
1926
1927
1928
1930
1931
1932
1933
1934
1936
1938
1940
1942
1944
1945
1947
1949
1950
1951
1953
1954
1956
1958
1960
1962
1964
1966
1968
1970
1971
1973
1975
1977
1981
1982
1984
1986
1988
1989
1995
2003
2049
2067
2080
2084
2086
2088
2123
2134
2168
2177
2179
2182
2189
2193
2195
2199
2203
2207
2215
2216
2217
2231
2260
2269
2279
2281
2282
2284
2286
2337
2342
2354
2355
2379
2381
2399
2400
2452
2465
2501
2519
2532
2534
2545
2548
2554
2561
2565
2575
2629
2664
2671
2692
2701
2731
2775
2823
2826
2834
2870
2878
2896
2897
2913
2924
2926
2930
2950
2961
2984
2995
3044
3058
3070
3101
3141
3149
3154
3164
3177
3197
3212
3259
3283
3295
3306
3311
3323
3325
3334
3343
3365
3379
3382
3386
3405
3432
3456
3459
3486
3516
3554
3565
3574
3588
3599
3627
3647
3662
3663
3672
3677
3687
3771
3772
3780
3789
3803
3810
3813
3815
3818
3819
3822
3823
3857
3911
3920
3921
3928
3939
3945
3950
3955
4004
4026
4034
4044
4046
4075
4078
4085
4111
4131
4147
4150
4193
4200
4222
4231
4233
4234
4243
4256
4268
4277
4295
4303
4312
4317
4331
4355
4370
4433
4435
4442
4461
4470
4489
4536
4545
4623
4627
4667
4669
4673
4691
4713
4721
4731
4736
4749
4756
4763
4771
4812
4839
4847
4872
4889
4903
4959
5016
5029
5033
5038
5041
5042
5047
5056
5057
5060
5064
5074
5088
5107
5110
5138
5140
5143
5190
5274
5279
5287
5291
5350
5368
5386
5388
5394
5401
5405
5410
5458
5467
5495
5534
5548
5553
5555
5557
5570
5576
5579
5594
5654
5662
5687
5727
5734
5743
5764
5787
5799
5801
5804
5809
5816
5830
5852
5885
5896
5906
5925
5959
5974
6006
6068
6081
6099
6179
6185
6205
6213
6214
6215
6220
6243
6244
6245
6251
6260
6262
6270
6326
6332
6338
6353
6356
6360
6362
6393
6398
6426
6459
6473
6532
6534
6541
6554
6609
6613
6624
6643
6656
6680
6695
6726
6730
6739
6786
6788
6789
6796
6812
6819
6836
6865
6896
6952
6977
6996
7005
7006
7023
7042
7051
7057
7078
7092
7097
7102
7120
7122
7125
7126
7142
7150
7164
7175
7185
7190
7193
7202
7204
7211
7225
7226
7254
7256
7260
7266
7267
7294
7324
7337
7356
7420
7427
7458
7485
7494
7500
7515
7519
7545
7603
7604
7622
7623
7631
7656
7668
