name,original_psnr,DTA_v2_oof20_adapter_only_shuffle_seed3413_f2_final_psnr,delta_psnr,original_ssim,DTA_v2_oof20_adapter_only_shuffle_seed3413_f2_final_ssim,delta_ssim,original_time_sec,DTA_v2_oof20_adapter_only_shuffle_seed3413_f2_final_time_sec
1000_0.74_1.6.png,36.9222412109375,37.376590728759766,0.4543495178222656,0.9977827072143555,0.9978504180908203,6.771087646484375e-05,0.5953161716461182,0.11387205123901367
1002_0.73_1.47.png,33.58782196044922,33.71171951293945,0.12389755249023438,0.9880730509757996,0.9879451990127563,-0.0001278519630432129,0.044326066970825195,0.03951573371887207
1005_0.74_1.81.png,38.30308532714844,38.30133819580078,-0.00174713134765625,0.9964064359664917,0.9963787794113159,-2.765655517578125e-05,0.04060006141662598,0.03732037544250488
1016_0.8_1.72.png,39.61763381958008,39.51997375488281,-0.09766006469726562,0.9955521821975708,0.9954855442047119,-6.663799285888672e-05,0.04133296012878418,0.03118610382080078
1021_0.73_0.84.png,38.976966857910156,38.951080322265625,-0.02588653564453125,0.9988964796066284,0.9989060759544373,9.59634780883789e-06,0.04128456115722656,0.03006458282470703
1026_0.77_0.89.png,35.755924224853516,35.6324577331543,-0.12346649169921875,0.9987044334411621,0.9986865520477295,-1.7881393432617188e-05,0.03901815414428711,0.03803753852844238
1029_0.71_0.56.png,44.240779876708984,44.13352584838867,-0.1072540283203125,0.9988982081413269,0.9988994598388672,1.2516975402832031e-06,0.039511919021606445,0.03132462501525879
1031_0.76_0.7.png,42.84375762939453,42.69633865356445,-0.14741897583007812,0.9985350370407104,0.9985184669494629,-1.6570091247558594e-05,0.04115772247314453,0.04698348045349121
1043_0.68_1.87.png,34.00215530395508,34.26792526245117,0.26576995849609375,0.9925239086151123,0.9927284121513367,0.00020450353622436523,0.03877711296081543,0.027373075485229492
1044_0.69_0.99.png,38.0838623046875,38.26145553588867,0.17759323120117188,0.9974091053009033,0.9974884390830994,7.933378219604492e-05,0.03843092918395996,0.046427249908447266
1046_0.91_1.69.png,31.82438850402832,31.81285858154297,-0.011529922485351562,0.9705747365951538,0.9707823991775513,0.00020766258239746094,0.037819862365722656,0.032202959060668945
1053_0.54_1.81.png,37.231693267822266,37.663082122802734,0.43138885498046875,0.9685845375061035,0.9692275524139404,0.0006430149078369141,0.042214393615722656,0.03219723701477051
1054_0.86_1.22.png,38.022762298583984,38.09146499633789,0.06870269775390625,0.9812166094779968,0.9806177020072937,-0.000598907470703125,0.038156747817993164,0.048247575759887695
1060_0.94_1.09.png,40.53528594970703,40.55299377441406,0.01770782470703125,0.9960651397705078,0.9961612224578857,9.608268737792969e-05,0.037938833236694336,0.06123709678649902
1062_0.58_1.51.png,34.548439025878906,34.636451721191406,0.0880126953125,0.9884068369865417,0.988585889339447,0.00017905235290527344,0.04049420356750488,0.03362870216369629
1067_0.62_1.35.png,39.57331085205078,39.61943054199219,0.04611968994140625,0.9962050318717957,0.9961622953414917,-4.273653030395508e-05,0.05268669128417969,0.03961443901062012
1076_0.71_1.18.png,35.23798370361328,35.41938400268555,0.18140029907226562,0.9977800250053406,0.9977900385856628,1.0013580322265625e-05,0.04362201690673828,0.0358271598815918
107_0.77_1.67.png,34.29155731201172,34.296485900878906,0.0049285888671875,0.9953268766403198,0.9953387975692749,1.1920928955078125e-05,0.04036092758178711,0.027652740478515625
1085_0.71_1.3.png,40.47186279296875,40.52653503417969,0.0546722412109375,0.9976682066917419,0.9976582527160645,-9.953975677490234e-06,0.03899860382080078,0.045958757400512695
1086_0.6_0.76.png,44.294532775878906,44.433815002441406,0.1392822265625,0.9991790652275085,0.999177873134613,-1.1920928955078125e-06,0.042313337326049805,0.03543400764465332
1091_0.79_1.01.png,38.78462219238281,39.08957290649414,0.3049507141113281,0.9970386028289795,0.9970464706420898,7.867813110351562e-06,0.04157376289367676,0.030692100524902344
1094_0.77_1.07.png,35.43501663208008,35.349544525146484,-0.08547210693359375,0.9972715377807617,0.9972193241119385,-5.221366882324219e-05,0.043180227279663086,0.04544544219970703
1099_0.54_1.76.png,33.76907730102539,33.95918273925781,0.19010543823242188,0.9950190782546997,0.9950761795043945,5.710124969482422e-05,0.0440676212310791,0.03582501411437988
109_0.54_0.97.png,38.60458755493164,38.364402770996094,-0.24018478393554688,0.9984235763549805,0.9984040260314941,-1.9550323486328125e-05,0.0422978401184082,0.06730079650878906
1109_0.9_0.79.png,40.03135681152344,40.294918060302734,0.2635612487792969,0.9984828233718872,0.9984986186027527,1.5795230865478516e-05,0.04159188270568848,0.03710007667541504
1111_0.57_1.35.png,35.80939865112305,36.14785385131836,0.3384552001953125,0.9974082708358765,0.9974303245544434,2.205371856689453e-05,0.04116535186767578,0.03772306442260742
1117_0.61_0.56.png,36.795684814453125,36.640106201171875,-0.15557861328125,0.9988030195236206,0.9988034963607788,4.76837158203125e-07,0.04638051986694336,0.04124617576599121
1118_0.66_1.66.png,33.832767486572266,33.57740020751953,-0.2553672790527344,0.9967800378799438,0.9967321157455444,-4.792213439941406e-05,0.04041862487792969,0.05177021026611328
1132_0.75_0.84.png,44.95252227783203,44.78923797607422,-0.1632843017578125,0.9989742040634155,0.9989738464355469,-3.5762786865234375e-07,0.03994321823120117,0.03718757629394531
1136_0.96_0.74.png,35.3126106262207,35.178951263427734,-0.13365936279296875,0.9963871836662292,0.9963487386703491,-3.844499588012695e-05,0.041066884994506836,0.0274355411529541
1140_0.67_1.42.png,35.48466110229492,35.92991638183594,0.4452552795410156,0.9977940320968628,0.9978463053703308,5.227327346801758e-05,0.040772438049316406,0.031505584716796875
1146_0.89_0.87.png,37.84316635131836,37.769935607910156,-0.07323074340820312,0.9975911974906921,0.9975659251213074,-2.5272369384765625e-05,0.040056705474853516,0.031261444091796875
1159_0.84_1.51.png,33.26310348510742,33.78486251831055,0.521759033203125,0.9973828196525574,0.997485876083374,0.00010305643081665039,0.039716243743896484,0.03711676597595215
115_0.86_1.29.png,33.77693557739258,33.78496170043945,0.008026123046875,0.9942101240158081,0.9941641092300415,-4.601478576660156e-05,0.042349815368652344,0.03237009048461914
1160_0.83_0.65.png,41.33599853515625,41.99691390991211,0.6609153747558594,0.9993144273757935,0.9993402361869812,2.580881118774414e-05,0.04107975959777832,0.029329538345336914
1161_0.75_1.93.png,36.41259765625,36.278141021728516,-0.13445663452148438,0.9878116846084595,0.9874123930931091,-0.0003992915153503418,0.041373491287231445,0.02928328514099121
1166_0.73_1.03.png,35.95402908325195,36.063941955566406,0.10991287231445312,0.9975139498710632,0.9974923133850098,-2.1636486053466797e-05,0.04343867301940918,0.03646421432495117
116_0.64_1.08.png,36.548152923583984,36.436012268066406,-0.11214065551757812,0.9957302808761597,0.9956533312797546,-7.69495964050293e-05,0.0444033145904541,0.029857635498046875
1175_0.53_1.99.png,36.04685974121094,36.12406539916992,0.07720565795898438,0.9934173822402954,0.9933812022209167,-3.618001937866211e-05,0.04159855842590332,0.04680895805358887
1179_0.56_1.96.png,30.768918991088867,30.859073638916016,0.09015464782714844,0.9915858507156372,0.9914507269859314,-0.00013512372970581055,0.04015064239501953,0.032820701599121094
1181_0.57_1.2.png,43.38624572753906,43.555789947509766,0.16954421997070312,0.9983665347099304,0.9983803629875183,1.3828277587890625e-05,0.04076075553894043,0.03240346908569336
1184_0.56_0.9.png,43.540985107421875,43.863426208496094,0.32244110107421875,0.9988152384757996,0.9988345503807068,1.9311904907226562e-05,0.039772987365722656,0.048575401306152344
1189_0.64_0.88.png,40.06612777709961,40.238704681396484,0.172576904296875,0.998498797416687,0.9984957575798035,-3.039836883544922e-06,0.04213690757751465,0.031148910522460938
1191_0.97_0.75.png,40.65614318847656,40.83477020263672,0.17862701416015625,0.9987892508506775,0.9987901449203491,8.940696716308594e-07,0.0410456657409668,0.03101325035095215
1208_0.63_0.83.png,41.227970123291016,41.25474548339844,0.026775360107421875,0.999010443687439,0.9990155100822449,5.066394805908203e-06,0.04276394844055176,0.030678987503051758
1210_0.69_0.81.png,36.730621337890625,36.96930694580078,0.23868560791015625,0.9984480738639832,0.9984449148178101,-3.159046173095703e-06,0.043027639389038086,0.028424501419067383
1218_0.62_2.0.png,30.868318557739258,31.142465591430664,0.27414703369140625,0.9884135127067566,0.9885168075561523,0.00010329484939575195,0.039833784103393555,0.030987024307250977
1221_0.76_0.69.png,39.41440963745117,39.199710845947266,-0.21469879150390625,0.9989128112792969,0.998894214630127,-1.8596649169921875e-05,0.039809465408325195,0.030792713165283203
1222_0.92_1.14.png,39.1405029296875,38.9757194519043,-0.16478347778320312,0.9977896213531494,0.9977728724479675,-1.6748905181884766e-05,0.041628360748291016,0.04100298881530762
1229_0.6_0.6.png,38.94429016113281,38.960269927978516,0.015979766845703125,0.9982045888900757,0.9981856346130371,-1.895427703857422e-05,0.04199981689453125,0.03615522384643555
1234_0.51_1.28.png,35.12134552001953,35.00201416015625,-0.11933135986328125,0.996239423751831,0.9963547587394714,0.00011533498764038086,0.04213666915893555,0.033292293548583984
1238_0.86_1.03.png,42.11725616455078,42.16266632080078,0.04541015625,0.9984647631645203,0.9984695315361023,4.76837158203125e-06,0.03950905799865723,0.04137468338012695
1241_0.63_0.93.png,40.37084197998047,40.43077850341797,0.0599365234375,0.9978268146514893,0.9978171586990356,-9.655952453613281e-06,0.041974544525146484,0.035547494888305664
1242_0.99_0.57.png,40.7670783996582,40.87959671020508,0.112518310546875,0.9979624152183533,0.9980020523071289,3.9637088775634766e-05,0.04335522651672363,0.05361127853393555
1247_0.62_1.15.png,35.90427780151367,35.95829772949219,0.054019927978515625,0.9967089891433716,0.9967362284660339,2.7239322662353516e-05,0.03984975814819336,0.03150629997253418
1248_0.97_1.88.png,30.094451904296875,30.30235481262207,0.2079029083251953,0.9859901666641235,0.9861282110214233,0.0001380443572998047,0.0393218994140625,0.033566951751708984
1251_0.98_0.8.png,27.91212272644043,28.014873504638672,0.10275077819824219,0.9950821399688721,0.9951391220092773,5.698204040527344e-05,0.039646148681640625,0.03128337860107422
1253_0.91_1.15.png,39.74418640136719,39.683650970458984,-0.060535430908203125,0.9893149733543396,0.9891762137413025,-0.00013875961303710938,0.03811907768249512,0.048699140548706055
125_0.77_0.94.png,31.14519500732422,30.714462280273438,-0.43073272705078125,0.9957982301712036,0.9954441785812378,-0.0003540515899658203,0.03963732719421387,0.031261444091796875
1260_0.82_1.01.png,30.742568969726562,30.772869110107422,0.030300140380859375,0.9952549934387207,0.99526047706604,5.4836273193359375e-06,0.04252457618713379,0.038778066635131836
1261_0.52_1.86.png,33.40861892700195,33.23960494995117,-0.16901397705078125,0.9954850077629089,0.9954472780227661,-3.7729740142822266e-05,0.03181338310241699,0.04466819763183594
1268_0.82_1.47.png,36.459957122802734,36.89657974243164,0.43662261962890625,0.9962050318717957,0.9962873458862305,8.231401443481445e-05,0.0307009220123291,0.035613059997558594
1269_0.51_1.67.png,33.50815200805664,33.46760177612305,-0.04055023193359375,0.9947039484977722,0.9946920871734619,-1.1861324310302734e-05,0.032167673110961914,0.03719782829284668
1274_0.59_0.67.png,36.61892318725586,36.810752868652344,0.19182968139648438,0.9989311695098877,0.9989556670188904,2.4497509002685547e-05,0.030806541442871094,0.031502723693847656
1279_0.87_0.95.png,40.800025939941406,40.803810119628906,0.0037841796875,0.9975993037223816,0.9975860118865967,-1.329183578491211e-05,0.03454470634460449,0.03433036804199219
1280_0.67_0.76.png,43.80756759643555,43.826045989990234,0.0184783935546875,0.9988211393356323,0.9988130927085876,-8.046627044677734e-06,0.03268837928771973,0.03308987617492676
1281_0.89_0.85.png,34.66550064086914,34.675071716308594,0.009571075439453125,0.9978865385055542,0.9978636503219604,-2.288818359375e-05,0.04319143295288086,0.03186941146850586
1282_0.62_0.6.png,32.4411506652832,32.6287727355957,0.1876220703125,0.9982718229293823,0.998302161693573,3.0338764190673828e-05,0.033774614334106445,0.04321146011352539
1286_0.98_0.99.png,36.507442474365234,36.52316665649414,0.01572418212890625,0.9940614104270935,0.9940906763076782,2.9265880584716797e-05,0.03396177291870117,0.05754423141479492
1296_0.61_1.52.png,35.09931564331055,35.550048828125,0.4507331848144531,0.997157096862793,0.9972326755523682,7.557868957519531e-05,0.03350687026977539,0.03014993667602539
1297_0.99_0.69.png,44.68919372558594,44.8725700378418,0.18337631225585938,0.9984597563743591,0.9984838962554932,2.4139881134033203e-05,0.032065629959106445,0.03579425811767578
1299_0.83_1.21.png,41.27265548706055,41.09605407714844,-0.17660140991210938,0.9971749782562256,0.9971433877944946,-3.159046173095703e-05,0.03179311752319336,0.02994704246520996
1302_0.53_1.14.png,35.263126373291016,35.35474395751953,0.09161758422851562,0.9965493679046631,0.9965176582336426,-3.170967102050781e-05,0.0331416130065918,0.030196189880371094
1308_0.84_1.04.png,35.422279357910156,35.23748016357422,-0.1847991943359375,0.9964314699172974,0.9963557124137878,-7.575750350952148e-05,0.03270101547241211,0.03160667419433594
1309_0.83_1.35.png,35.7917594909668,35.80769348144531,0.015933990478515625,0.9933592081069946,0.9933826923370361,2.3484230041503906e-05,0.03136277198791504,0.03143310546875
1317_0.53_1.87.png,29.311134338378906,28.955368041992188,-0.35576629638671875,0.9913597106933594,0.991144061088562,-0.00021564960479736328,0.03170442581176758,0.05071568489074707
1320_0.7_0.99.png,37.83845138549805,37.701297760009766,-0.13715362548828125,0.9977246522903442,0.9977071285247803,-1.7523765563964844e-05,0.03153395652770996,0.037719011306762695
1321_0.95_0.81.png,37.888771057128906,37.91527557373047,0.0265045166015625,0.9974204301834106,0.9973692893981934,-5.1140785217285156e-05,0.03246879577636719,0.036852359771728516
1322_0.64_1.06.png,36.503692626953125,36.65900421142578,0.15531158447265625,0.9971408247947693,0.9971312880516052,-9.5367431640625e-06,0.03340768814086914,0.054776906967163086
1327_0.98_0.74.png,40.45696258544922,40.3321647644043,-0.12479782104492188,0.9979690313339233,0.9979140162467957,-5.501508712768555e-05,0.03189229965209961,0.029991626739501953
1331_0.9_1.69.png,37.58530807495117,37.834529876708984,0.2492218017578125,0.9960455298423767,0.9961084723472595,6.29425048828125e-05,0.03392910957336426,0.0315709114074707
1332_0.75_0.69.png,45.011714935302734,44.70576858520508,-0.30594635009765625,0.999107301235199,0.9990977048873901,-9.59634780883789e-06,0.03295588493347168,0.06017899513244629
1334_0.64_1.51.png,36.25647735595703,36.08464050292969,-0.17183685302734375,0.9967689514160156,0.9967095255851746,-5.942583084106445e-05,0.033539772033691406,0.037378787994384766
1340_0.84_1.32.png,37.743534088134766,37.68557357788086,-0.05796051025390625,0.9962961077690125,0.9962388277053833,-5.728006362915039e-05,0.03276515007019043,0.04653310775756836
1344_0.71_0.79.png,33.74580383300781,33.90375900268555,0.15795516967773438,0.995797872543335,0.9959091544151306,0.0001112818717956543,0.033065080642700195,0.029508590698242188
1351_0.98_1.46.png,30.784473419189453,30.65347671508789,-0.1309967041015625,0.9913337230682373,0.9911637306213379,-0.00016999244689941406,0.04704785346984863,0.03878426551818848
1352_0.7_1.62.png,30.453832626342773,30.130287170410156,-0.3235454559326172,0.9911673069000244,0.9907945990562439,-0.0003727078437805176,0.04869484901428223,0.033470869064331055
1355_0.85_0.57.png,44.05602264404297,44.24282455444336,0.18680191040039062,0.9971291422843933,0.9971569776535034,2.7835369110107422e-05,0.05321478843688965,0.04180431365966797
1361_0.95_0.66.png,38.748756408691406,38.65110778808594,-0.09764862060546875,0.9974676966667175,0.9973882436752319,-7.94529914855957e-05,0.04671764373779297,0.030961036682128906
1362_0.72_0.84.png,36.46146011352539,36.46003341674805,-0.00142669677734375,0.996605396270752,0.9965496063232422,-5.5789947509765625e-05,0.034560441970825195,0.03362321853637695
1363_0.77_1.15.png,34.94953918457031,35.005706787109375,0.0561676025390625,0.9946862459182739,0.994664192199707,-2.205371856689453e-05,0.03507232666015625,0.030127525329589844
1365_0.6_1.68.png,34.99388122558594,34.503570556640625,-0.4903106689453125,0.9969936609268188,0.9969067573547363,-8.690357208251953e-05,0.031638145446777344,0.027109622955322266
1366_0.97_0.87.png,37.84550094604492,37.85172653198242,0.0062255859375,0.9978827238082886,0.9978134036064148,-6.93202018737793e-05,0.03571486473083496,0.032330989837646484
1372_0.51_0.74.png,43.799888610839844,43.641380310058594,-0.15850830078125,0.9984455108642578,0.9984439611434937,-1.5497207641601562e-06,0.03268265724182129,0.03032994270324707
1375_0.91_1.75.png,37.46251678466797,37.55127716064453,0.0887603759765625,0.9926981925964355,0.9926613569259644,-3.6835670471191406e-05,0.031366825103759766,0.08912920951843262
1378_0.56_1.67.png,33.3412971496582,33.220279693603516,-0.1210174560546875,0.9924982786178589,0.9923000335693359,-0.00019824504852294922,0.0319976806640625,0.03130197525024414
1391_0.87_1.32.png,35.6620979309082,35.89310073852539,0.2310028076171875,0.996635377407074,0.9966435432434082,8.165836334228516e-06,0.04041647911071777,0.05984997749328613
1394_0.64_1.0.png,38.095664978027344,38.417964935302734,0.3222999572753906,0.9984421730041504,0.9984983205795288,5.614757537841797e-05,0.039251089096069336,0.037058115005493164
1402_0.73_0.73.png,35.65271759033203,35.7872200012207,0.13450241088867188,0.9972912669181824,0.9972469806671143,-4.4286251068115234e-05,0.03904128074645996,0.03338289260864258
1403_0.73_1.26.png,34.93574523925781,35.22883605957031,0.2930908203125,0.9968463778495789,0.9968952536582947,4.887580871582031e-05,0.051407575607299805,0.03792452812194824
1407_0.6_1.92.png,33.57875442504883,33.69411087036133,0.1153564453125,0.9929870367050171,0.9929907321929932,3.6954879760742188e-06,0.04243612289428711,0.031227827072143555
1413_0.65_1.47.png,40.029693603515625,39.41923141479492,-0.6104621887207031,0.99813312292099,0.9981063604354858,-2.676248550415039e-05,0.04132819175720215,0.06884264945983887
1429_0.5_1.16.png,32.56608200073242,32.38151931762695,-0.18456268310546875,0.9959379434585571,0.9958042502403259,-0.00013369321823120117,0.05439257621765137,0.047949790954589844
1430_0.51_1.86.png,32.252586364746094,32.0724983215332,-0.18008804321289062,0.9947571754455566,0.9946100115776062,-0.00014716386795043945,0.04280209541320801,0.033545494079589844
1440_0.65_1.26.png,31.814348220825195,31.955957412719727,0.14160919189453125,0.9952836036682129,0.9953583478927612,7.474422454833984e-05,0.05473446846008301,0.03147721290588379
1448_0.97_1.24.png,36.940608978271484,37.05609130859375,0.11548233032226562,0.9967734217643738,0.9967929720878601,1.9550323486328125e-05,0.04201364517211914,0.06746912002563477
1453_0.64_1.53.png,33.75874328613281,33.52657699584961,-0.23216629028320312,0.9968688488006592,0.9968249797821045,-4.38690185546875e-05,0.04324698448181152,0.04231882095336914
1455_0.79_0.88.png,35.54222869873047,35.33934783935547,-0.202880859375,0.9978132247924805,0.9977866411209106,-2.658367156982422e-05,0.04255175590515137,0.03202939033508301
1466_0.85_1.61.png,36.921775817871094,36.92486572265625,0.00308990478515625,0.9941565990447998,0.9941421747207642,-1.4424324035644531e-05,0.041062116622924805,0.0445554256439209
1469_0.6_1.73.png,38.79204559326172,38.01523971557617,-0.7768058776855469,0.9975005984306335,0.9974386096000671,-6.198883056640625e-05,0.04141736030578613,0.036196231842041016
1470_0.63_1.26.png,39.831077575683594,39.17738342285156,-0.6536941528320312,0.9985138177871704,0.9984467029571533,-6.711483001708984e-05,0.04119062423706055,0.02928614616394043
1472_0.95_0.58.png,39.96892166137695,40.17353820800781,0.20461654663085938,0.9986013174057007,0.9986437559127808,4.2438507080078125e-05,0.04109311103820801,0.035083770751953125
1478_0.69_1.36.png,30.380992889404297,30.656322479248047,0.27532958984375,0.9759905338287354,0.9761146903038025,0.00012415647506713867,0.040700674057006836,0.05059099197387695
147_0.85_1.8.png,32.99266052246094,32.72884750366211,-0.2638130187988281,0.994766116142273,0.9946486353874207,-0.00011748075485229492,0.04180026054382324,0.03560781478881836
1483_0.89_1.89.png,35.02826690673828,34.756553649902344,-0.2717132568359375,0.9924676418304443,0.9923367500305176,-0.0001308917999267578,0.04409456253051758,0.028714656829833984
148_0.79_1.94.png,33.4608039855957,33.137855529785156,-0.3229484558105469,0.9949057102203369,0.9947644472122192,-0.00014126300811767578,0.04271221160888672,0.030410051345825195
1490_0.76_0.64.png,39.94371032714844,39.982749938964844,0.03903961181640625,0.9953856468200684,0.9954404234886169,5.4776668548583984e-05,0.04227590560913086,0.03313422203063965
1492_0.97_0.72.png,38.0568733215332,38.13933563232422,0.08246231079101562,0.9923357963562012,0.9923793077468872,4.3511390686035156e-05,0.04076981544494629,0.030035734176635742
1496_0.55_1.19.png,38.03239059448242,38.038185119628906,0.005794525146484375,0.996938943862915,0.996983528137207,4.458427429199219e-05,0.04092669486999512,0.031258344650268555
1500_0.87_1.88.png,34.133811950683594,34.381141662597656,0.2473297119140625,0.9912416934967041,0.9912317991256714,-9.894371032714844e-06,0.04250741004943848,0.04017996788024902
1501_0.82_1.27.png,38.97046661376953,39.34406661987305,0.3736000061035156,0.9960311651229858,0.9960801601409912,4.8995018005371094e-05,0.08458161354064941,0.055269479751586914
1504_0.64_0.94.png,42.4788818359375,42.98299789428711,0.5041160583496094,0.9981603622436523,0.9981929659843445,3.260374069213867e-05,0.04352998733520508,0.03648042678833008
1506_0.92_1.66.png,37.90595626831055,38.30976486206055,0.40380859375,0.9929429888725281,0.993151068687439,0.00020807981491088867,0.045557498931884766,0.033893585205078125
1513_0.71_1.67.png,40.217979431152344,40.23954772949219,0.02156829833984375,0.9950981140136719,0.9950679540634155,-3.0159950256347656e-05,0.06917810440063477,0.038477182388305664
151_0.85_1.89.png,37.85731887817383,38.00564956665039,0.1483306884765625,0.994999885559082,0.9950243830680847,2.4497509002685547e-05,0.04114937782287598,0.028620004653930664
1525_0.91_1.05.png,37.84811019897461,38.08436584472656,0.23625564575195312,0.9964095950126648,0.9964415431022644,3.1948089599609375e-05,0.04239082336425781,0.041062116622924805
1527_0.79_1.5.png,37.46601486206055,37.78946304321289,0.32344818115234375,0.9958914518356323,0.9959329962730408,4.1544437408447266e-05,0.04493355751037598,0.05287456512451172
1533_0.88_0.99.png,42.25586700439453,42.34939193725586,0.09352493286132812,0.9965600371360779,0.9965615272521973,1.4901161193847656e-06,0.041124820709228516,0.03175091743469238
1536_0.73_1.93.png,40.902069091796875,40.87517547607422,-0.02689361572265625,0.9943727254867554,0.9943877458572388,1.5020370483398438e-05,0.040900230407714844,0.036511898040771484
1541_0.72_1.23.png,42.64963150024414,42.94978713989258,0.3001556396484375,0.9978165626525879,0.9978694915771484,5.2928924560546875e-05,0.04171943664550781,0.03248429298400879
1542_0.86_0.58.png,45.69049835205078,45.867103576660156,0.176605224609375,0.9985427856445312,0.9985576868057251,1.4901161193847656e-05,0.042774200439453125,0.039952993392944336
1543_0.92_1.98.png,39.97447967529297,40.013214111328125,0.03873443603515625,0.9939228892326355,0.9939364194869995,1.3530254364013672e-05,0.04065227508544922,0.03828597068786621
1545_0.84_1.34.png,39.585853576660156,39.667972564697266,0.08211898803710938,0.9915344715118408,0.9914908409118652,-4.363059997558594e-05,0.041329145431518555,0.052869558334350586
154_0.97_0.91.png,40.44247055053711,40.429664611816406,-0.012805938720703125,0.995476245880127,0.9953874349594116,-8.881092071533203e-05,0.04233288764953613,0.03289175033569336
1561_0.57_1.08.png,42.85729217529297,43.00194549560547,0.1446533203125,0.9972774386405945,0.9972535967826843,-2.384185791015625e-05,0.04329657554626465,0.05063772201538086
1562_1.0_0.93.png,41.37275314331055,41.15589904785156,-0.21685409545898438,0.9960782527923584,0.996043860912323,-3.439188003540039e-05,0.04361701011657715,0.04352450370788574
1566_0.94_1.98.png,38.346473693847656,38.6313362121582,0.2848625183105469,0.9924391508102417,0.9925421476364136,0.000102996826171875,0.045224905014038086,0.03613567352294922
156_0.57_1.11.png,36.81056594848633,36.91188430786133,0.101318359375,0.9934766292572021,0.9937089681625366,0.00023233890533447266,0.04268527030944824,0.05090475082397461
1570_0.76_1.09.png,42.10272216796875,42.28337097167969,0.1806488037109375,0.9967132806777954,0.9967706203460693,5.733966827392578e-05,0.041944265365600586,0.03255414962768555
1571_0.87_0.66.png,42.395843505859375,42.57029724121094,0.1744537353515625,0.9975857734680176,0.997600257396698,1.4483928680419922e-05,0.04434537887573242,0.03995203971862793
1572_0.9_1.45.png,38.09867858886719,38.156620025634766,0.057941436767578125,0.9935076236724854,0.9936591982841492,0.00015157461166381836,0.042702674865722656,0.03551173210144043
1578_0.57_1.99.png,38.778297424316406,39.33222961425781,0.5539321899414062,0.9906196594238281,0.9911691546440125,0.0005494952201843262,0.04234647750854492,0.0371248722076416
1580_0.7_1.59.png,40.74525451660156,41.305519104003906,0.5602645874023438,0.9933710098266602,0.9932453036308289,-0.00012570619583129883,0.04227399826049805,0.054047346115112305
1582_0.68_1.61.png,37.3001823425293,37.85375213623047,0.5535697937011719,0.9956805109977722,0.9957670569419861,8.654594421386719e-05,0.04251909255981445,0.03734302520751953
1585_0.59_0.64.png,44.51329803466797,44.60498046875,0.09168243408203125,0.998598575592041,0.9985976219177246,-9.5367431640625e-07,0.04565572738647461,0.03548765182495117
1592_0.54_1.46.png,43.463748931884766,43.66777420043945,0.2040252685546875,0.9977092146873474,0.9977139830589294,4.76837158203125e-06,0.041097164154052734,0.037975311279296875
1595_0.99_1.84.png,31.291189193725586,31.311809539794922,0.020620346069335938,0.9861526489257812,0.9862000346183777,4.738569259643555e-05,0.04650688171386719,0.04868125915527344
1597_0.69_1.45.png,38.14268493652344,38.620243072509766,0.4775581359863281,0.9974246025085449,0.9974793195724487,5.4717063903808594e-05,0.04541516304016113,0.03992033004760742
1600_0.78_1.77.png,36.18617248535156,36.636146545410156,0.44997406005859375,0.9958588480949402,0.9959268569946289,6.80088996887207e-05,0.04302859306335449,0.04661870002746582
1615_0.91_1.25.png,38.25417709350586,38.94966125488281,0.6954841613769531,0.9954656362533569,0.9954916834831238,2.6047229766845703e-05,0.042253971099853516,0.03626871109008789
161_0.83_1.56.png,28.507461547851562,28.714061737060547,0.20660018920898438,0.9893857836723328,0.9894267320632935,4.094839096069336e-05,0.04132723808288574,0.03514361381530762
1620_0.62_0.9.png,47.8746452331543,48.53179931640625,0.6571540832519531,0.9966625571250916,0.9968785047531128,0.00021594762802124023,0.04255247116088867,0.0364990234375
1635_0.64_0.55.png,45.5196533203125,44.768333435058594,-0.7513198852539062,0.998950183391571,0.9989403486251831,-9.834766387939453e-06,0.044026851654052734,0.0357668399810791
1636_0.96_1.23.png,36.98383712768555,36.79257583618164,-0.19126129150390625,0.9964250326156616,0.9963955283164978,-2.950429916381836e-05,0.04976010322570801,0.035823822021484375
1641_0.97_1.87.png,35.72589111328125,36.19186782836914,0.4659767150878906,0.9920227527618408,0.9921419024467468,0.00011914968490600586,0.06296062469482422,0.03802847862243652
1646_0.55_1.55.png,34.55961990356445,34.424781799316406,-0.13483810424804688,0.9973032474517822,0.9972823858261108,-2.086162567138672e-05,0.05226564407348633,0.03327679634094238
1650_0.76_1.07.png,47.88875198364258,48.26591873168945,0.377166748046875,0.993341863155365,0.9933304786682129,-1.138448715209961e-05,0.040496110916137695,0.03406834602355957
1659_0.8_1.01.png,45.8811149597168,46.6177978515625,0.7366828918457031,0.9976028800010681,0.9976598024368286,5.692243576049805e-05,0.03913736343383789,0.055879831314086914
1673_0.63_1.48.png,41.3979377746582,42.126522064208984,0.7285842895507812,0.9983561038970947,0.9983932375907898,3.713369369506836e-05,0.04009246826171875,0.05518364906311035
167_0.83_0.5.png,43.33345031738281,43.4580192565918,0.12456893920898438,0.9983305931091309,0.9983524084091187,2.181529998779297e-05,0.03950953483581543,0.03122711181640625
1692_0.67_1.76.png,38.08697509765625,38.905853271484375,0.818878173828125,0.9962965846061707,0.9964504241943359,0.0001538395881652832,0.04138898849487305,0.03594803810119629
169_0.8_0.81.png,36.138240814208984,36.62434387207031,0.4861030578613281,0.9911629557609558,0.9915003776550293,0.00033742189407348633,0.06277918815612793,0.026798725128173828
1700_0.89_1.15.png,40.98263168334961,40.968040466308594,-0.014591217041015625,0.9968069791793823,0.9967915415763855,-1.5437602996826172e-05,0.04311227798461914,0.034740447998046875
1701_0.55_0.71.png,45.1659049987793,45.34654998779297,0.18064498901367188,0.9989857077598572,0.9989902377128601,4.5299530029296875e-06,0.05702996253967285,0.03602194786071777
1706_0.83_0.85.png,42.3001823425293,42.689266204833984,0.3890838623046875,0.9979156255722046,0.9979268908500671,1.1265277862548828e-05,0.043294668197631836,0.04135537147521973
1716_0.87_0.59.png,41.12841033935547,41.11234664916992,-0.016063690185546875,0.9974349737167358,0.9974305033683777,-4.470348358154297e-06,0.04101848602294922,0.034873008728027344
1720_0.71_1.73.png,38.80760192871094,39.078041076660156,0.27043914794921875,0.9968320727348328,0.9968306422233582,-1.430511474609375e-06,0.04098033905029297,0.03518080711364746
1734_0.67_0.82.png,43.24001693725586,43.50885772705078,0.2688407897949219,0.9977860450744629,0.9978070259094238,2.09808349609375e-05,0.045862674713134766,0.04678153991699219
1738_0.58_1.63.png,39.40793228149414,39.436012268066406,0.028079986572265625,0.9947740435600281,0.9947850108146667,1.0967254638671875e-05,0.04417109489440918,0.03401041030883789
1740_0.62_1.79.png,37.793155670166016,37.88700485229492,0.09384918212890625,0.9930518865585327,0.9930634498596191,1.1563301086425781e-05,0.041664838790893555,0.03574728965759277
1741_0.52_0.81.png,49.388763427734375,49.353607177734375,-0.03515625,0.9990334510803223,0.9990367889404297,3.337860107421875e-06,0.0417172908782959,0.03573966026306152
1746_0.86_1.2.png,44.65296936035156,44.732826232910156,0.07985687255859375,0.9981416463851929,0.9981614351272583,1.9788742065429688e-05,0.041487693786621094,0.03522467613220215
1748_0.82_1.35.png,44.49379348754883,44.62167739868164,0.1278839111328125,0.9980737566947937,0.9980975389480591,2.378225326538086e-05,0.04510617256164551,0.03430795669555664
174_0.89_1.7.png,33.81899642944336,33.87445831298828,0.055461883544921875,0.993808925151825,0.9938356280326843,2.6702880859375e-05,0.04228973388671875,0.033979177474975586
1751_0.55_0.84.png,42.127655029296875,42.12065124511719,-0.0070037841796875,0.9983784556388855,0.998370885848999,-7.569789886474609e-06,0.04228091239929199,0.051233768463134766
1759_0.7_1.38.png,43.56034851074219,43.55669021606445,-0.003658294677734375,0.9979127645492554,0.9979180097579956,5.245208740234375e-06,0.04352521896362305,0.037697553634643555
1763_0.58_1.25.png,36.761207580566406,36.882667541503906,0.1214599609375,0.9971796870231628,0.9972032308578491,2.3543834686279297e-05,0.0422976016998291,0.04726004600524902
1764_0.84_1.26.png,34.912235260009766,35.076202392578125,0.16396713256835938,0.9947875738143921,0.9948437213897705,5.614757537841797e-05,0.044332027435302734,0.03496718406677246
1780_0.81_0.83.png,45.75688934326172,45.38965606689453,-0.3672332763671875,0.9988767504692078,0.9988686442375183,-8.106231689453125e-06,0.04125618934631348,0.03399324417114258
1783_0.8_1.77.png,39.719566345214844,39.887821197509766,0.16825485229492188,0.9953176379203796,0.9953205585479736,2.9206275939941406e-06,0.041129112243652344,0.0325777530670166
1790_0.66_1.46.png,43.288330078125,43.18550491333008,-0.10282516479492188,0.996563196182251,0.9967994689941406,0.00023627281188964844,0.04133963584899902,0.04100608825683594
1791_0.92_1.26.png,40.7077751159668,40.69103240966797,-0.016742706298828125,0.9960918426513672,0.9962334632873535,0.00014162063598632812,0.04187130928039551,0.05725550651550293
1795_0.99_1.84.png,39.79030227661133,40.35726547241211,0.5669631958007812,0.9876766204833984,0.9881994128227234,0.0005227923393249512,0.04131460189819336,0.05179619789123535
179_0.79_1.66.png,38.14277648925781,38.318668365478516,0.17589187622070312,0.9926873445510864,0.9926134943962097,-7.385015487670898e-05,0.038895368576049805,0.03174471855163574
1801_0.99_0.78.png,41.899410247802734,42.09260559082031,0.19319534301757812,0.9976012706756592,0.9975959062576294,-5.364418029785156e-06,0.04012560844421387,0.039290666580200195
1802_0.98_0.53.png,42.077842712402344,42.397666931152344,0.31982421875,0.9980906248092651,0.9980815649032593,-9.059906005859375e-06,0.03946638107299805,0.06109046936035156
1803_0.99_1.79.png,34.576751708984375,34.72446823120117,0.14771652221679688,0.9936612844467163,0.993651807308197,-9.47713851928711e-06,0.04001975059509277,0.06666755676269531
1804_0.8_1.29.png,41.70704650878906,42.02766036987305,0.3206138610839844,0.9972249269485474,0.9972096681594849,-1.52587890625e-05,0.040164947509765625,0.06983327865600586
1808_0.8_1.64.png,43.573360443115234,44.16935348510742,0.5959930419921875,0.9904042482376099,0.9899914264678955,-0.00041282176971435547,0.041916608810424805,0.03330826759338379
1811_0.62_1.47.png,45.49977111816406,45.626365661621094,0.12659454345703125,0.994335412979126,0.9941837787628174,-0.00015163421630859375,0.07014846801757812,0.0330967903137207
1815_0.55_0.96.png,45.18251419067383,45.343421936035156,0.16090774536132812,0.997541606426239,0.9975632429122925,2.1636486053466797e-05,0.06358742713928223,0.031610727310180664
1816_0.55_1.84.png,41.00769805908203,41.18840026855469,0.18070220947265625,0.995512843132019,0.9955804347991943,6.759166717529297e-05,0.06594681739807129,0.03315877914428711
1818_0.7_1.19.png,43.11003875732422,42.70083999633789,-0.4091987609863281,0.9972259402275085,0.9972209334373474,-5.0067901611328125e-06,0.06474637985229492,0.04510021209716797
1821_0.98_1.57.png,40.265480041503906,40.13738250732422,-0.1280975341796875,0.993707537651062,0.9937680959701538,6.0558319091796875e-05,0.0405426025390625,0.03527712821960449
1823_0.78_0.96.png,46.246498107910156,46.124717712402344,-0.1217803955078125,0.997694194316864,0.9975754618644714,-0.00011873245239257812,0.04479622840881348,0.03258490562438965
1829_0.55_1.16.png,45.54886245727539,45.94242858886719,0.3935661315917969,0.9986324310302734,0.9986575841903687,2.5153160095214844e-05,0.04077863693237305,0.03473496437072754
182_0.69_0.53.png,45.14333724975586,44.70726776123047,-0.4360694885253906,0.9993672370910645,0.9993535280227661,-1.3709068298339844e-05,0.04071664810180664,0.03192782402038574
1831_0.68_1.19.png,42.14400863647461,42.72667694091797,0.5826683044433594,0.9983668327331543,0.9984369277954102,7.009506225585938e-05,0.04524588584899902,0.0390777587890625
1833_0.88_1.83.png,37.43092727661133,38.11180877685547,0.6808815002441406,0.991907000541687,0.992092490196228,0.00018548965454101562,0.044783830642700195,0.04513669013977051
1834_0.54_1.06.png,45.388465881347656,46.80173873901367,1.4132728576660156,0.995780885219574,0.995997428894043,0.00021654367446899414,0.04319167137145996,0.0389103889465332
1841_0.64_1.79.png,42.69792175292969,42.49855422973633,-0.19936752319335938,0.9979714751243591,0.997970700263977,-7.748603820800781e-07,0.04497170448303223,0.0352175235748291
1848_0.98_1.11.png,40.48872375488281,40.857337951660156,0.36861419677734375,0.9966791868209839,0.9967166781425476,3.74913215637207e-05,0.04895424842834473,0.037859201431274414
1853_0.9_0.88.png,48.03195571899414,48.138587951660156,0.10663223266601562,0.9965552091598511,0.996712863445282,0.0001576542854309082,0.04304933547973633,0.034628868103027344
1859_0.73_1.32.png,43.954490661621094,44.15589904785156,0.20140838623046875,0.9957947134971619,0.9959121942520142,0.00011748075485229492,0.039906978607177734,0.038962364196777344
185_0.65_1.74.png,37.41775894165039,36.97724914550781,-0.4405097961425781,0.996454656124115,0.9963809251785278,-7.37309455871582e-05,0.0395350456237793,0.039055585861206055
1861_0.85_0.51.png,45.70979309082031,45.75233459472656,0.04254150390625,0.9983161687850952,0.9983431100845337,2.6941299438476562e-05,0.061856746673583984,0.0326535701751709
1867_0.67_1.54.png,37.20063400268555,37.40616989135742,0.205535888671875,0.9978765249252319,0.9978910684585571,1.4543533325195312e-05,0.06070256233215332,0.03828692436218262
1869_0.54_1.64.png,44.53871154785156,44.829620361328125,0.2909088134765625,0.9964909553527832,0.996448278427124,-4.267692565917969e-05,0.04967164993286133,0.03845715522766113
1875_0.95_0.91.png,41.670074462890625,41.850467681884766,0.18039321899414062,0.9954590797424316,0.9954501390457153,-8.940696716308594e-06,0.042394161224365234,0.06642651557922363
1876_0.97_1.69.png,39.561824798583984,39.709075927734375,0.14725112915039062,0.991879940032959,0.9918704032897949,-9.5367431640625e-06,0.040885210037231445,0.04872322082519531
1889_0.63_0.55.png,45.60401916503906,45.9205207824707,0.3165016174316406,0.9993922114372253,0.9993994235992432,7.212162017822266e-06,0.04157519340515137,0.03304624557495117
1898_0.84_0.98.png,43.799129486083984,44.05149841308594,0.2523689270019531,0.998805046081543,0.9988216757774353,1.6629695892333984e-05,0.04536914825439453,0.04002046585083008
18_0.55_1.6.png,39.728206634521484,39.54271697998047,-0.18548965454101562,0.9962013959884644,0.9961730241775513,-2.8371810913085938e-05,0.041998863220214844,0.03475069999694824
1902_0.89_1.97.png,41.913536071777344,41.930999755859375,0.01746368408203125,0.99547278881073,0.995478093624115,5.304813385009766e-06,0.03977537155151367,0.033650875091552734
1903_0.54_1.57.png,45.5110969543457,45.616127014160156,0.10503005981445312,0.9973145723342896,0.9972962737083435,-1.8298625946044922e-05,0.04003787040710449,0.04942488670349121
1905_0.76_1.8.png,42.81757354736328,42.8877067565918,0.07013320922851562,0.9961593151092529,0.9961401224136353,-1.919269561767578e-05,0.0407261848449707,0.03259849548339844
1909_0.97_1.74.png,34.53271484375,34.72319030761719,0.1904754638671875,0.9915579557418823,0.991672158241272,0.00011420249938964844,0.04122328758239746,0.0587613582611084
1914_0.81_0.98.png,44.023319244384766,44.10160446166992,0.07828521728515625,0.9989942908287048,0.9989943504333496,5.960464477539063e-08,0.039128780364990234,0.035646915435791016
1916_0.51_0.74.png,42.44586181640625,42.031917572021484,-0.4139442443847656,0.9991106986999512,0.9991137385368347,3.039836883544922e-06,0.040979623794555664,0.06797599792480469
191_0.53_1.57.png,38.3542594909668,38.38179397583008,0.02753448486328125,0.9895628690719604,0.9894461035728455,-0.00011676549911499023,0.04000043869018555,0.03120136260986328
1925_0.83_1.92.png,32.337615966796875,32.563541412353516,0.22592544555664062,0.9918373823165894,0.991931140422821,9.375810623168945e-05,0.04279208183288574,0.05529165267944336
1929_0.88_1.23.png,38.378761291503906,38.95358657836914,0.5748252868652344,0.9928890466690063,0.9930126667022705,0.00012362003326416016,0.04418182373046875,0.03594779968261719
1932_0.8_1.59.png,36.842445373535156,37.441707611083984,0.5992622375488281,0.991234540939331,0.9914731383323669,0.00023859739303588867,0.04054141044616699,0.03594183921813965
1947_0.91_1.85.png,36.96067810058594,37.08771514892578,0.12703704833984375,0.9881501197814941,0.9881725311279297,2.2411346435546875e-05,0.04026079177856445,0.03751254081726074
1958_0.87_1.08.png,39.03657913208008,39.04048538208008,0.00390625,0.99660724401474,0.996562123298645,-4.51207160949707e-05,0.04784989356994629,0.04365134239196777
1960_0.8_0.62.png,42.955238342285156,42.86727523803711,-0.08796310424804688,0.9984936714172363,0.9984609484672546,-3.272294998168945e-05,0.03962898254394531,0.03526115417480469
1971_0.99_1.02.png,37.78076171875,37.9563102722168,0.17554855346679688,0.99198979139328,0.9920074343681335,1.7642974853515625e-05,0.03947019577026367,0.03411054611206055
1987_0.88_0.57.png,41.234619140625,41.315528869628906,0.08090972900390625,0.9986394643783569,0.9986389875411987,-4.76837158203125e-07,0.04104161262512207,0.03493762016296387
1990_0.97_0.51.png,43.39582443237305,43.35731887817383,-0.03850555419921875,0.9974729418754578,0.9974623918533325,-1.055002212524414e-05,0.04297995567321777,0.05797314643859863
1995_0.89_1.88.png,36.887351989746094,37.17662811279297,0.289276123046875,0.9897727966308594,0.9898550510406494,8.225440979003906e-05,0.04254603385925293,0.07055401802062988
1996_0.77_1.8.png,39.31538009643555,39.55183029174805,0.2364501953125,0.9933521151542664,0.9933803081512451,2.8192996978759766e-05,0.0387728214263916,0.033800363540649414
2002_0.86_1.83.png,41.456565856933594,41.545753479003906,0.0891876220703125,0.9973829984664917,0.9973944425582886,1.1444091796875e-05,0.03830242156982422,0.03593325614929199
200_0.88_0.55.png,43.11994552612305,43.07991409301758,-0.04003143310546875,0.9994287490844727,0.9994184374809265,-1.0311603546142578e-05,0.038552045822143555,0.04321575164794922
2010_0.89_1.17.png,37.849822998046875,38.23137664794922,0.38155364990234375,0.9949900507926941,0.9950909614562988,0.00010091066360473633,0.04142403602600098,0.03760027885437012
2013_1.0_1.78.png,38.50154113769531,38.6847038269043,0.18316268920898438,0.9841030836105347,0.9848098158836365,0.0007067322731018066,0.042215824127197266,0.03894186019897461
2023_0.82_1.53.png,42.376373291015625,42.24821472167969,-0.1281585693359375,0.9962551593780518,0.9962918162345886,3.6656856536865234e-05,0.04039454460144043,0.035933732986450195
2034_0.77_0.91.png,42.17434310913086,42.256561279296875,0.08221817016601562,0.9983881711959839,0.998389720916748,1.5497207641601562e-06,0.03972125053405762,0.036237239837646484
2038_0.84_1.68.png,38.45199203491211,38.45115280151367,-0.0008392333984375,0.9942309856414795,0.9941648840904236,-6.61015510559082e-05,0.04043436050415039,0.04059100151062012
2046_0.76_1.87.png,36.09660339355469,36.441741943359375,0.3451385498046875,0.9918444156646729,0.9919235110282898,7.909536361694336e-05,0.04147028923034668,0.03616046905517578
2050_0.8_1.8.png,37.133453369140625,37.256248474121094,0.12279510498046875,0.9917596578598022,0.9918496012687683,8.994340896606445e-05,0.03895401954650879,0.0334010124206543
2051_0.92_0.92.png,38.36191177368164,38.46904373168945,0.1071319580078125,0.9957921504974365,0.9958299398422241,3.7789344787597656e-05,0.03867626190185547,0.03438282012939453
205_0.81_0.73.png,41.30266571044922,41.376155853271484,0.07349014282226562,0.9968241453170776,0.9968985319137573,7.43865966796875e-05,0.04157876968383789,0.031505584716796875
2060_0.51_1.57.png,41.655914306640625,41.713863372802734,0.057949066162109375,0.9975895881652832,0.99760502576828,1.5437602996826172e-05,0.04014706611633301,0.03689932823181152
2066_0.95_1.0.png,41.47785186767578,42.13597106933594,0.6581192016601562,0.9953947067260742,0.9952971339225769,-9.757280349731445e-05,0.038787841796875,0.04590439796447754
2072_0.87_1.18.png,41.50764846801758,41.72138595581055,0.21373748779296875,0.9981274604797363,0.9981367588043213,9.298324584960938e-06,0.041112661361694336,0.033728599548339844
2079_0.62_1.17.png,41.65205001831055,42.15293502807617,0.500885009765625,0.9977679252624512,0.9977995157241821,3.159046173095703e-05,0.050545454025268555,0.03709006309509277
2084_0.73_1.89.png,36.01203918457031,36.31725311279297,0.30521392822265625,0.9954785108566284,0.995542049407959,6.35385513305664e-05,0.04263806343078613,0.04641580581665039
208_0.52_0.53.png,45.59980773925781,45.69809341430664,0.09828567504882812,0.9985090494155884,0.998518168926239,9.119510650634766e-06,0.03916335105895996,0.050467491149902344
209_0.89_1.85.png,37.80756759643555,37.8496208190918,0.04205322265625,0.994384765625,0.994391679763794,6.9141387939453125e-06,0.04027962684631348,0.0374448299407959
2101_0.83_1.14.png,41.86211013793945,42.03727722167969,0.17516708374023438,0.9981564879417419,0.9981685876846313,1.2099742889404297e-05,0.04296755790710449,0.03443765640258789
2108_0.55_1.9.png,39.13588333129883,39.40521240234375,0.2693290710449219,0.9969362020492554,0.9969701170921326,3.3915042877197266e-05,0.04291677474975586,0.03560829162597656
210_0.87_0.81.png,40.07377624511719,39.909942626953125,-0.1638336181640625,0.9975995421409607,0.9975358843803406,-6.365776062011719e-05,0.04228949546813965,0.03144407272338867
2110_0.97_1.98.png,36.4333381652832,36.66789627075195,0.23455810546875,0.9946122169494629,0.9946925044059753,8.028745651245117e-05,0.04101753234863281,0.0359959602355957
2117_0.76_1.14.png,39.73193359375,40.322574615478516,0.5906410217285156,0.9976648092269897,0.997689425945282,2.4616718292236328e-05,0.04343986511230469,0.038207054138183594
2118_0.86_1.55.png,38.4580192565918,38.88965606689453,0.4316368103027344,0.995870053768158,0.9958996772766113,2.962350845336914e-05,0.04134225845336914,0.04059314727783203
2121_0.73_0.63.png,47.953887939453125,48.31086730957031,0.3569793701171875,0.9992748498916626,0.999281108379364,6.258487701416016e-06,0.043175458908081055,0.04082894325256348
2125_0.65_0.5.png,48.210052490234375,48.474205017089844,0.26415252685546875,0.9994418025016785,0.99944007396698,-1.7285346984863281e-06,0.04187655448913574,0.04029703140258789
2132_0.76_1.7.png,40.07154083251953,40.59733963012695,0.5257987976074219,0.9971789717674255,0.9972426295280457,6.365776062011719e-05,0.03978085517883301,0.03651142120361328
2138_0.88_1.49.png,38.64727783203125,38.868629455566406,0.22135162353515625,0.9963158369064331,0.9963218569755554,6.020069122314453e-06,0.04263567924499512,0.04544997215270996
2141_0.55_0.57.png,46.873146057128906,47.43375778198242,0.5606117248535156,0.999111533164978,0.9991347193717957,2.3186206817626953e-05,0.04272341728210449,0.04040837287902832
2142_0.81_1.58.png,35.80010223388672,36.189300537109375,0.38919830322265625,0.9937662482261658,0.9938710927963257,0.00010484457015991211,0.062143802642822266,0.03379201889038086
2150_0.89_1.44.png,40.44468307495117,40.46337890625,0.018695831298828125,0.9948367476463318,0.9948524832725525,1.5735626220703125e-05,0.06229043006896973,0.03560018539428711
2151_0.78_0.51.png,46.2123908996582,46.33421325683594,0.12182235717773438,0.9975413680076599,0.9974908828735352,-5.048513412475586e-05,0.040924787521362305,0.03548288345336914
2153_0.61_1.16.png,43.73505401611328,44.138755798339844,0.4037017822265625,0.998698353767395,0.9987238645553589,2.5510787963867188e-05,0.04003167152404785,0.044652462005615234
2161_0.69_1.35.png,39.421669006347656,39.76533508300781,0.34366607666015625,0.9941563606262207,0.9943189024925232,0.00016254186630249023,0.04219388961791992,0.03444170951843262
2167_0.55_0.91.png,42.63764953613281,43.175716400146484,0.5380668640136719,0.9949193000793457,0.9950985908508301,0.000179290771484375,0.04699850082397461,0.044733524322509766
2176_0.54_1.82.png,39.788330078125,39.83644104003906,0.0481109619140625,0.9963620901107788,0.9964052438735962,4.315376281738281e-05,0.04220747947692871,0.04276299476623535
2182_0.83_1.85.png,40.969154357910156,41.313053131103516,0.3438987731933594,0.9955787658691406,0.995595395565033,1.6629695892333984e-05,0.04333090782165527,0.04287600517272949
2183_0.71_1.28.png,46.04786682128906,46.315673828125,0.2678070068359375,0.9975557327270508,0.9974945783615112,-6.115436553955078e-05,0.04187297821044922,0.03423142433166504
2186_0.56_1.06.png,45.2315673828125,44.7501335144043,-0.4814338684082031,0.9988759756088257,0.9988759756088257,0.0,0.057099342346191406,0.0649566650390625
2192_0.68_1.84.png,38.95391082763672,39.138702392578125,0.18479156494140625,0.9964849352836609,0.9965624809265137,7.75456428527832e-05,0.041337013244628906,0.04438042640686035
2194_0.94_1.6.png,36.91135787963867,36.96809387207031,0.056735992431640625,0.990294873714447,0.9903544187545776,5.9545040130615234e-05,0.09535384178161621,0.034319400787353516
2197_0.51_1.2.png,44.24468231201172,44.06624221801758,-0.17844009399414062,0.9989955425262451,0.998990535736084,-5.0067901611328125e-06,0.041190147399902344,0.03578305244445801
2198_0.89_1.09.png,43.838592529296875,43.97583770751953,0.13724517822265625,0.998414933681488,0.9984146952629089,-2.384185791015625e-07,0.04262876510620117,0.05913424491882324
2199_0.95_1.36.png,41.072227478027344,41.20286560058594,0.13063812255859375,0.9974772930145264,0.9974886775016785,1.138448715209961e-05,0.04924178123474121,0.03410506248474121
21_0.84_0.84.png,32.694557189941406,32.75534439086914,0.060787200927734375,0.9930357933044434,0.9930413961410522,5.602836608886719e-06,0.056546926498413086,0.035809993743896484
2205_0.53_0.61.png,45.93418502807617,45.46394348144531,-0.4702415466308594,0.9983222484588623,0.9983228445053101,5.960464477539062e-07,0.04351449012756348,0.03844952583312988
2209_0.83_1.05.png,42.6084098815918,43.06670379638672,0.4582939147949219,0.9975563883781433,0.9975905418395996,3.415346145629883e-05,0.06357407569885254,0.056621551513671875
2214_0.86_1.48.png,39.947086334228516,40.07285690307617,0.12577056884765625,0.9950418472290039,0.9950631856918335,2.1338462829589844e-05,0.04282379150390625,0.04443240165710449
2219_0.78_1.0.png,45.87704086303711,46.51251983642578,0.6354789733886719,0.9950252771377563,0.9946146011352539,-0.0004106760025024414,0.04141664505004883,0.039231300354003906
2221_0.94_1.85.png,40.27725601196289,40.604156494140625,0.3269004821777344,0.9878279566764832,0.987667977809906,-0.00015997886657714844,0.04461050033569336,0.0469362735748291
2231_0.71_0.89.png,43.85028839111328,43.8040771484375,-0.04621124267578125,0.9959195852279663,0.9958676695823669,-5.1915645599365234e-05,0.046600341796875,0.0322725772857666
2237_0.6_1.84.png,44.44779968261719,44.34788513183594,-0.09991455078125,0.9944181442260742,0.9944418668746948,2.372264862060547e-05,0.07921528816223145,0.04321765899658203
2241_0.69_1.9.png,42.522438049316406,42.341712951660156,-0.18072509765625,0.9894351363182068,0.9896143674850464,0.0001792311668395996,0.04356527328491211,0.03435850143432617
2243_0.75_1.64.png,42.38215637207031,42.12863540649414,-0.2535209655761719,0.9917659759521484,0.991858720779419,9.274482727050781e-05,0.04250335693359375,0.04441571235656738
2248_0.61_0.82.png,43.08946990966797,43.05595397949219,-0.03351593017578125,0.997939944267273,0.9979567527770996,1.6808509826660156e-05,0.040593624114990234,0.05876874923706055
2260_0.94_0.51.png,46.85456085205078,46.80405044555664,-0.050510406494140625,0.9989492297172546,0.9989351034164429,-1.4126300811767578e-05,0.0666656494140625,0.03448176383972168
2264_0.66_1.54.png,44.57048797607422,44.54725646972656,-0.02323150634765625,0.9905027151107788,0.9907109141349792,0.00020819902420043945,0.049721717834472656,0.040268659591674805
2267_0.77_1.17.png,45.57884216308594,45.4932861328125,-0.0855560302734375,0.9883162379264832,0.9877485036849976,-0.0005677342414855957,0.04193568229675293,0.03288006782531738
2270_0.78_1.2.png,48.710243225097656,48.51103973388672,-0.1992034912109375,0.9906551241874695,0.9902245998382568,-0.0004305243492126465,0.0415802001953125,0.034653663635253906
2274_0.51_1.64.png,41.25566101074219,41.232032775878906,-0.02362823486328125,0.9970249533653259,0.9970247149467468,-2.384185791015625e-07,0.05097556114196777,0.0556950569152832
2277_0.69_0.53.png,48.94922637939453,48.83082580566406,-0.11840057373046875,0.9980425238609314,0.9979740381240845,-6.848573684692383e-05,0.043993473052978516,0.0368044376373291
2279_0.82_0.88.png,45.62834930419922,45.52259826660156,-0.10575103759765625,0.9969680309295654,0.996893584728241,-7.444620132446289e-05,0.044014692306518555,0.03417682647705078
2292_0.82_1.71.png,39.842315673828125,39.97051239013672,0.12819671630859375,0.9922547340393066,0.9922900199890137,3.528594970703125e-05,0.04258990287780762,0.03603315353393555
229_0.93_1.79.png,36.4676628112793,36.303504943847656,-0.16415786743164062,0.9931097030639648,0.9930936098098755,-1.609325408935547e-05,0.04043006896972656,0.030829429626464844
2300_0.99_1.84.png,38.042205810546875,38.05543899536133,0.013233184814453125,0.9935852885246277,0.9935977458953857,1.245737075805664e-05,0.04440641403198242,0.03174781799316406
2323_0.8_0.67.png,44.00984191894531,44.284786224365234,0.2749443054199219,0.9979604482650757,0.9979681372642517,7.68899917602539e-06,0.05771517753601074,0.03342556953430176
2331_0.98_0.96.png,42.003623962402344,42.05106735229492,0.047443389892578125,0.9977957606315613,0.9977981448173523,2.384185791015625e-06,0.05892372131347656,0.03406953811645508
2332_0.85_1.57.png,39.979976654052734,40.544334411621094,0.5643577575683594,0.9971012473106384,0.9971199035644531,1.8656253814697266e-05,0.047330379486083984,0.03180193901062012
2340_0.98_1.97.png,29.83597755432129,30.464933395385742,0.6289558410644531,0.9862773418426514,0.9868919253349304,0.0006145834922790527,0.04142045974731445,0.03193044662475586
2345_0.9_0.78.png,43.04012680053711,42.932857513427734,-0.107269287109375,0.997635543346405,0.9976409673690796,5.424022674560547e-06,0.042035579681396484,0.04056215286254883
2348_0.52_0.95.png,43.91577911376953,44.440269470214844,0.5244903564453125,0.9987376928329468,0.9987666606903076,2.8967857360839844e-05,0.0421144962310791,0.03331422805786133
2356_0.82_1.97.png,39.88154602050781,39.54674530029297,-0.33480072021484375,0.9947640299797058,0.994733989238739,-3.0040740966796875e-05,0.04308438301086426,0.03277254104614258
2358_0.78_1.5.png,44.42485427856445,44.435585021972656,0.010730743408203125,0.9976648092269897,0.997673749923706,8.940696716308594e-06,0.046486616134643555,0.041211843490600586
2363_0.66_1.89.png,38.568031311035156,38.958534240722656,0.3905029296875,0.9965825080871582,0.9965647459030151,-1.7762184143066406e-05,0.04117846488952637,0.03835129737854004
2368_0.75_1.39.png,41.72014617919922,42.10741424560547,0.38726806640625,0.9965943098068237,0.996649444103241,5.513429641723633e-05,0.05554604530334473,0.03310370445251465
2370_0.65_1.01.png,40.95262908935547,41.752685546875,0.8000564575195312,0.9963169097900391,0.9963487982749939,3.1888484954833984e-05,0.04905271530151367,0.03481268882751465
2372_0.73_1.34.png,40.59545135498047,41.31061935424805,0.7151679992675781,0.9950393438339233,0.9951229095458984,8.356571197509766e-05,0.043280839920043945,0.034529924392700195
2376_0.81_1.59.png,42.22966003417969,42.42326736450195,0.19360733032226562,0.9950301051139832,0.9950491189956665,1.901388168334961e-05,0.039978742599487305,0.035910606384277344
237_0.62_1.11.png,37.16024398803711,36.938385009765625,-0.22185897827148438,0.9969853758811951,0.9968802332878113,-0.00010514259338378906,0.0386965274810791,0.04023861885070801
2388_0.93_0.77.png,44.16339874267578,43.96361541748047,-0.1997833251953125,0.998939037322998,0.9989373087882996,-1.7285346984863281e-06,0.042995452880859375,0.03679227828979492
2394_0.81_1.27.png,42.930999755859375,42.374610900878906,-0.5563888549804688,0.9972370862960815,0.9971732497215271,-6.383657455444336e-05,0.04236721992492676,0.037698984146118164
239_0.62_1.87.png,36.79562759399414,36.5845947265625,-0.21103286743164062,0.9955655932426453,0.9954431056976318,-0.00012248754501342773,0.04303550720214844,0.038126230239868164
2400_0.58_0.53.png,44.22076416015625,44.67143249511719,0.4506683349609375,0.9987788200378418,0.9987698793411255,-8.940696716308594e-06,0.04122018814086914,0.04574084281921387
2410_0.57_1.09.png,44.74962615966797,45.12493133544922,0.37530517578125,0.9984025955200195,0.9984049201011658,2.3245811462402344e-06,0.04148578643798828,0.03788161277770996
2417_0.58_1.91.png,40.74188232421875,40.7023811340332,-0.039501190185546875,0.9967001676559448,0.99672931432724,2.9146671295166016e-05,0.03952932357788086,0.036522626876831055
2419_0.95_0.73.png,42.6738395690918,42.662940979003906,-0.010898590087890625,0.9978227615356445,0.9978312253952026,8.463859558105469e-06,0.043907880783081055,0.0368344783782959
2424_0.59_2.0.png,38.06784439086914,38.3770866394043,0.30924224853515625,0.9946082830429077,0.9947261810302734,0.00011789798736572266,0.04609823226928711,0.043187856674194336
2432_0.94_1.56.png,40.94826126098633,40.90599822998047,-0.042263031005859375,0.9967272281646729,0.9967260360717773,-1.1920928955078125e-06,0.04320120811462402,0.03499245643615723
2440_0.59_0.9.png,47.297584533691406,47.799949645996094,0.5023651123046875,0.9981001615524292,0.9981746673583984,7.450580596923828e-05,0.04342150688171387,0.03400850296020508
2451_0.74_1.66.png,42.12894821166992,42.10926055908203,-0.019687652587890625,0.9943455457687378,0.9944047927856445,5.924701690673828e-05,0.05237579345703125,0.03384232521057129
2455_0.84_0.91.png,42.68428421020508,42.55609893798828,-0.12818527221679688,0.9972221851348877,0.9972357749938965,1.3589859008789062e-05,0.04709005355834961,0.035856008529663086
2456_0.72_0.6.png,46.40133285522461,46.33369445800781,-0.06763839721679688,0.9986658096313477,0.9986938238143921,2.8014183044433594e-05,0.04382610321044922,0.032761573791503906
2459_0.58_1.6.png,42.731468200683594,42.947052001953125,0.21558380126953125,0.9961435794830322,0.9961724281311035,2.8848648071289062e-05,0.03944563865661621,0.03401637077331543
2460_0.51_1.58.png,43.076663970947266,43.39231872558594,0.3156547546386719,0.9968881011009216,0.9969397783279419,5.167722702026367e-05,0.04183673858642578,0.0350797176361084
2461_0.8_0.72.png,46.40250778198242,46.220741271972656,-0.18176651000976562,0.9993072748184204,0.9993001818656921,-7.092952728271484e-06,0.05028820037841797,0.03269839286804199
2465_0.88_1.38.png,46.03924560546875,46.09381103515625,0.0545654296875,0.9927619695663452,0.9926878213882446,-7.414817810058594e-05,0.04328799247741699,0.03471994400024414
2466_0.83_0.85.png,48.72320556640625,48.719425201416016,-0.003780364990234375,0.995538592338562,0.9953794479370117,-0.00015914440155029297,0.04829907417297363,0.03277087211608887
2468_0.68_1.15.png,48.343017578125,48.389991760253906,0.04697418212890625,0.9956307411193848,0.9956140518188477,-1.6689300537109375e-05,0.041787147521972656,0.03268146514892578
2469_0.52_1.22.png,49.7347412109375,49.57012176513672,-0.16461944580078125,0.9947587251663208,0.9947971701622009,3.844499588012695e-05,0.0955805778503418,0.034219980239868164
2470_0.7_1.38.png,47.28230285644531,47.470611572265625,0.1883087158203125,0.9929530620574951,0.992874264717102,-7.87973403930664e-05,0.04610586166381836,0.037932634353637695
2474_0.91_0.84.png,43.160133361816406,43.2066535949707,0.046520233154296875,0.9970849752426147,0.9970946311950684,9.655952453613281e-06,0.056595563888549805,0.0360107421875
2477_0.71_1.89.png,40.6820068359375,41.0020751953125,0.320068359375,0.9939941763877869,0.9940456748008728,5.14984130859375e-05,0.06787610054016113,0.035925865173339844
24_0.53_1.21.png,26.430198669433594,26.48979377746582,0.05959510803222656,0.9884411096572876,0.988425612449646,-1.5497207641601562e-05,0.04383111000061035,0.030333995819091797
250_0.94_1.08.png,39.6049690246582,39.74994659423828,0.14497756958007812,0.9959365129470825,0.9958765506744385,-5.996227264404297e-05,0.039893388748168945,0.03151869773864746
2514_0.72_0.64.png,43.61631774902344,43.89915466308594,0.2828369140625,0.9989655017852783,0.9989864826202393,2.09808349609375e-05,0.041806936264038086,0.03528571128845215
2532_0.74_1.32.png,44.97404479980469,45.550838470458984,0.5767936706542969,0.9968447685241699,0.9969309568405151,8.618831634521484e-05,0.04415702819824219,0.03525495529174805
2533_0.78_0.9.png,46.621055603027344,46.69196701049805,0.07091140747070312,0.9956158399581909,0.9955713152885437,-4.45246696472168e-05,0.06102395057678223,0.03616976737976074
2536_1.0_1.41.png,42.20256805419922,42.45054626464844,0.24797821044921875,0.9914135336875916,0.9913296699523926,-8.386373519897461e-05,0.05046796798706055,0.032018184661865234
2538_0.89_0.75.png,44.932594299316406,45.01031494140625,0.07772064208984375,0.9965916872024536,0.9966654777526855,7.37905502319336e-05,0.04066967964172363,0.04228520393371582
2548_0.9_0.6.png,43.93583679199219,44.46477508544922,0.5289382934570312,0.9983741641044617,0.9983755946159363,1.430511474609375e-06,0.043494224548339844,0.04266047477722168
254_0.94_0.86.png,37.515968322753906,37.572052001953125,0.05608367919921875,0.9967406988143921,0.9966921806335449,-4.851818084716797e-05,0.039444684982299805,0.03550362586975098
2555_0.9_1.71.png,42.309478759765625,42.488914489746094,0.17943572998046875,0.9941166639328003,0.9940657019615173,-5.0961971282958984e-05,0.06000542640686035,0.03536629676818848
2558_0.52_1.06.png,45.33668518066406,45.647438049316406,0.31075286865234375,0.9953429698944092,0.9956248998641968,0.00028192996978759766,0.06402969360351562,0.036448001861572266
2562_0.81_1.38.png,43.985984802246094,43.63615036010742,-0.3498344421386719,0.9953271746635437,0.9950690269470215,-0.0002581477165222168,0.04006361961364746,0.045041799545288086
2574_0.57_1.08.png,44.165130615234375,44.93975067138672,0.7746200561523438,0.9972380995750427,0.9971672892570496,-7.081031799316406e-05,0.03878045082092285,0.03613543510437012
2575_0.53_1.08.png,45.65303421020508,46.14319610595703,0.4901618957519531,0.9971870183944702,0.9970609545707703,-0.00012606382369995117,0.03993034362792969,0.03800487518310547
2576_0.85_1.81.png,36.52037811279297,37.1080322265625,0.5876541137695312,0.9904055595397949,0.9905341863632202,0.00012862682342529297,0.04305529594421387,0.037613630294799805
2580_0.77_1.33.png,43.28004455566406,43.3745002746582,0.09445571899414062,0.9956361651420593,0.9957365989685059,0.0001004338264465332,0.04069161415100098,0.03386807441711426
2581_0.79_1.95.png,38.67267608642578,39.51613998413086,0.8434638977050781,0.9970438480377197,0.9971150755882263,7.12275505065918e-05,0.05218696594238281,0.03325176239013672
2584_0.84_1.66.png,40.38810348510742,41.11872863769531,0.7306251525878906,0.9975314140319824,0.9975687861442566,3.737211227416992e-05,0.04906773567199707,0.03680062294006348
2587_0.67_1.68.png,44.658206939697266,44.6089973449707,-0.0492095947265625,0.9960447549819946,0.9959322810173035,-0.00011247396469116211,0.04551124572753906,0.03523564338684082
258_0.79_1.8.png,30.460330963134766,30.321481704711914,-0.13884925842285156,0.9889525175094604,0.9887198805809021,-0.0002326369285583496,0.04813075065612793,0.03114795684814453
2591_0.78_1.58.png,40.75153350830078,41.03158950805664,0.2800559997558594,0.9923786520957947,0.9923819303512573,3.2782554626464844e-06,0.04118680953979492,0.03410792350769043
2595_0.76_0.72.png,45.22215270996094,45.53327941894531,0.311126708984375,0.9983900785446167,0.9984132647514343,2.3186206817626953e-05,0.043532371520996094,0.03331136703491211
2596_0.54_1.72.png,43.23692321777344,43.262081146240234,0.025157928466796875,0.9973720908164978,0.9973767995834351,4.708766937255859e-06,0.04149150848388672,0.03448200225830078
25_0.59_1.43.png,35.63969039916992,35.72892761230469,0.08923721313476562,0.9977356791496277,0.9977321028709412,-3.5762786865234375e-06,0.042990684509277344,0.03307986259460449
2600_0.72_0.68.png,50.997215270996094,50.5851936340332,-0.4120216369628906,0.9988679885864258,0.9988425970077515,-2.5391578674316406e-05,0.04371500015258789,0.036089181900024414
2607_1.0_0.53.png,44.54582214355469,44.68348693847656,0.137664794921875,0.9969654083251953,0.9969682097434998,2.8014183044433594e-06,0.048563480377197266,0.03426671028137207
2608_0.68_1.54.png,41.826202392578125,41.926475524902344,0.10027313232421875,0.9938845038414001,0.993820309638977,-6.41942024230957e-05,0.04762673377990723,0.03341412544250488
260_0.65_1.07.png,31.7607479095459,31.55329704284668,-0.20745086669921875,0.9921387434005737,0.9918743371963501,-0.0002644062042236328,0.045447587966918945,0.042650699615478516
2610_0.81_1.15.png,44.644046783447266,44.43009948730469,-0.21394729614257812,0.9957610964775085,0.9957294464111328,-3.165006637573242e-05,0.04544687271118164,0.03589320182800293
2613_0.76_1.52.png,43.74943161010742,43.39939880371094,-0.3500328063964844,0.9925679564476013,0.992316722869873,-0.0002512335777282715,0.046007394790649414,0.03421759605407715
2625_0.88_1.86.png,39.72065353393555,40.088714599609375,0.3680610656738281,0.9971274733543396,0.9971742033958435,4.673004150390625e-05,0.04283547401428223,0.03572797775268555
2628_0.86_1.01.png,41.804527282714844,41.979827880859375,0.17530059814453125,0.9985143542289734,0.998539388179779,2.5033950805664062e-05,0.042574405670166016,0.03601670265197754
262_0.94_1.35.png,34.69889450073242,34.84183120727539,0.14293670654296875,0.9963873624801636,0.9963500499725342,-3.731250762939453e-05,0.043689727783203125,0.028668642044067383
2632_0.92_1.01.png,40.301849365234375,40.697410583496094,0.39556121826171875,0.9969053268432617,0.9969350695610046,2.9742717742919922e-05,0.04830503463745117,0.03158450126647949
2638_0.62_1.93.png,43.085113525390625,43.06715393066406,-0.0179595947265625,0.997594952583313,0.9976143836975098,1.9431114196777344e-05,0.03969168663024902,0.03173470497131348
2642_0.86_1.21.png,43.016605377197266,43.06686019897461,0.05025482177734375,0.9984490871429443,0.998435914516449,-1.3172626495361328e-05,0.040628910064697266,0.04219222068786621
2645_0.78_0.85.png,45.07585906982422,45.04198455810547,-0.03387451171875,0.9986604452133179,0.9986635446548462,3.0994415283203125e-06,0.040532827377319336,0.03185868263244629
2649_0.59_0.63.png,46.908653259277344,47.69377136230469,0.7851181030273438,0.9994604587554932,0.9994879961013794,2.753734588623047e-05,0.0393679141998291,0.034998416900634766
2651_0.74_1.04.png,45.848201751708984,46.32647705078125,0.4782752990722656,0.9989587664604187,0.998974084854126,1.531839370727539e-05,0.04272007942199707,0.031365156173706055
2652_0.85_1.34.png,44.227603912353516,44.293521881103516,0.06591796875,0.9981681108474731,0.9981610178947449,-7.092952728271484e-06,0.03883194923400879,0.03108048439025879
2665_0.85_1.17.png,43.274742126464844,43.299373626708984,0.024631500244140625,0.9966895580291748,0.9964903593063354,-0.00019919872283935547,0.04042935371398926,0.030939340591430664
2668_0.91_1.54.png,40.907135009765625,40.93069076538086,0.023555755615234375,0.9952974319458008,0.9951931238174438,-0.0001043081283569336,0.04365706443786621,0.033682823181152344
2673_0.77_1.49.png,44.736209869384766,44.74085998535156,0.004650115966796875,0.9967379570007324,0.9967290163040161,-8.940696716308594e-06,0.05701565742492676,0.0338895320892334
2680_0.94_1.89.png,40.727230072021484,40.81719970703125,0.08996963500976562,0.9954748153686523,0.995491623878479,1.6808509826660156e-05,0.10421371459960938,0.033791303634643555
2682_0.96_1.39.png,42.40924072265625,42.65022277832031,0.2409820556640625,0.9977874755859375,0.9977889060974121,1.430511474609375e-06,0.04201650619506836,0.03022289276123047
268_0.79_1.15.png,31.899532318115234,32.06476593017578,0.16523361206054688,0.9958211183547974,0.996006190776825,0.0001850724220275879,0.051367759704589844,0.03258061408996582
2690_0.97_1.47.png,42.235107421875,42.38307189941406,0.1479644775390625,0.9851120710372925,0.9850082397460938,-0.00010383129119873047,0.049672603607177734,0.030899763107299805
2692_0.71_1.87.png,42.70277404785156,43.216522216796875,0.5137481689453125,0.9860612750053406,0.9856010675430298,-0.000460207462310791,0.050284385681152344,0.031239748001098633
2698_0.98_1.85.png,42.3536376953125,42.41215515136719,0.0585174560546875,0.9940225481987,0.9940862059593201,6.365776062011719e-05,0.046389102935791016,0.03355884552001953
2702_0.74_0.63.png,48.365318298339844,48.66279983520508,0.2974815368652344,0.9988508224487305,0.9988645315170288,1.3709068298339844e-05,0.044571638107299805,0.04059481620788574
2705_0.68_1.36.png,46.676170349121094,46.835838317871094,0.15966796875,0.9914883971214294,0.9912586212158203,-0.00022977590560913086,0.046790361404418945,0.031222820281982422
2708_0.72_1.57.png,45.733680725097656,45.88615798950195,0.15247726440429688,0.9892632961273193,0.9890776872634888,-0.0001856088638305664,0.04461169242858887,0.03150510787963867
2715_0.89_1.78.png,39.593849182128906,39.778255462646484,0.18440628051757812,0.9906637668609619,0.9906597137451172,-4.0531158447265625e-06,0.04667091369628906,0.03657126426696777
2716_0.62_1.67.png,42.16798782348633,42.31707763671875,0.14908981323242188,0.9950591325759888,0.9950064420700073,-5.269050598144531e-05,0.05632948875427246,0.03446555137634277
2735_0.59_1.44.png,42.762664794921875,42.88753890991211,0.12487411499023438,0.9947623014450073,0.9946783781051636,-8.392333984375e-05,0.042929887771606445,0.03151440620422363
2738_0.64_1.94.png,41.43206787109375,41.298606872558594,-0.13346099853515625,0.9950360059738159,0.9950393438339233,3.337860107421875e-06,0.04149317741394043,0.03166460990905762
2748_0.57_0.6.png,48.459938049316406,48.647483825683594,0.1875457763671875,0.9987084865570068,0.998744010925293,3.552436828613281e-05,0.04032588005065918,0.031267404556274414
2749_0.89_1.8.png,41.76523208618164,41.87696075439453,0.11172866821289062,0.9971160888671875,0.9971040487289429,-1.2040138244628906e-05,0.06477880477905273,0.031722068786621094
2751_0.51_0.98.png,45.989341735839844,45.77010726928711,-0.21923446655273438,0.9989046454429626,0.9988785982131958,-2.6047229766845703e-05,0.03997063636779785,0.03190875053405762
2757_0.77_0.72.png,43.16269302368164,43.121116638183594,-0.041576385498046875,0.9981934428215027,0.9982062578201294,1.2814998626708984e-05,0.03856635093688965,0.03130531311035156
2758_0.51_1.22.png,42.40114212036133,42.59783172607422,0.19668960571289062,0.9973100423812866,0.9973710775375366,6.103515625e-05,0.04017066955566406,0.03138995170593262
2762_0.59_1.16.png,43.4447135925293,44.03556823730469,0.5908546447753906,0.9984427690505981,0.9984399676322937,-2.8014183044433594e-06,0.04324746131896973,0.03301548957824707
2773_0.7_0.71.png,44.0755500793457,44.96248245239258,0.886932373046875,0.9977072477340698,0.9978116750717163,0.00010442733764648438,0.04054117202758789,0.032354116439819336
2774_0.98_0.56.png,41.212547302246094,41.895164489746094,0.6826171875,0.9978799223899841,0.9979411363601685,6.121397018432617e-05,0.04285573959350586,0.03348708152770996
2775_0.9_0.66.png,41.88554382324219,42.71857452392578,0.8330307006835938,0.9976369738578796,0.9977340698242188,9.709596633911133e-05,0.040791988372802734,0.03277087211608887
2780_0.82_0.68.png,44.01334762573242,44.10749053955078,0.09414291381835938,0.9949197173118591,0.9948598146438599,-5.990266799926758e-05,0.041706085205078125,0.03193950653076172
2804_0.51_1.83.png,39.663482666015625,39.500091552734375,-0.16339111328125,0.9967917203903198,0.996792197227478,4.76837158203125e-07,0.0458221435546875,0.04578280448913574
2814_0.59_1.03.png,46.20517349243164,46.32551574707031,0.12034225463867188,0.9989428520202637,0.9989551305770874,1.2278556823730469e-05,0.03985452651977539,0.04030323028564453
2819_0.97_0.52.png,41.3729248046875,41.36943817138672,-0.00348663330078125,0.9970876574516296,0.997086226940155,-1.430511474609375e-06,0.044706106185913086,0.031768083572387695
2824_0.6_0.54.png,47.11200714111328,46.97230529785156,-0.13970184326171875,0.9989950060844421,0.998995304107666,2.980232238769531e-07,0.0437166690826416,0.031119108200073242
2825_0.98_0.83.png,42.50127410888672,42.54450225830078,0.0432281494140625,0.9957513809204102,0.9957689046859741,1.7523765563964844e-05,0.06446266174316406,0.030130386352539062
2837_0.85_0.64.png,45.59339904785156,45.33197021484375,-0.2614288330078125,0.9969171285629272,0.9971253871917725,0.00020825862884521484,0.0432438850402832,0.03057694435119629
2842_0.9_1.38.png,39.81526184082031,40.2159309387207,0.4006690979003906,0.9945144653320312,0.9946404695510864,0.00012600421905517578,0.042218685150146484,0.04375410079956055
2846_0.54_1.41.png,43.889617919921875,43.4376220703125,-0.451995849609375,0.9976088404655457,0.9976441264152527,3.528594970703125e-05,0.07555770874023438,0.033743858337402344
284_0.57_0.69.png,38.1845588684082,38.48406219482422,0.2995033264160156,0.9980434775352478,0.9980775117874146,3.403425216674805e-05,0.0823819637298584,0.0749361515045166
2856_0.88_1.68.png,43.123252868652344,43.118751525878906,-0.0045013427734375,0.9952821731567383,0.9953022003173828,2.002716064453125e-05,0.04901528358459473,0.03086090087890625
2874_0.53_1.21.png,45.97397232055664,46.451515197753906,0.4775428771972656,0.9988216757774353,0.9988512992858887,2.962350845336914e-05,0.0428006649017334,0.031159400939941406
2875_0.87_1.33.png,40.265830993652344,40.236595153808594,-0.02923583984375,0.996835470199585,0.9968573451042175,2.187490463256836e-05,0.043966054916381836,0.03141188621520996
2877_0.98_1.2.png,35.974769592285156,35.833702087402344,-0.1410675048828125,0.9970852136611938,0.9970650672912598,-2.014636993408203e-05,0.046041250228881836,0.03205609321594238
2884_0.65_1.22.png,41.60354232788086,41.80929183959961,0.20574951171875,0.9978117346763611,0.9977946281433105,-1.710653305053711e-05,0.04052305221557617,0.03313803672790527
2885_0.97_1.56.png,37.464839935302734,37.638851165771484,0.17401123046875,0.9912997484207153,0.9913239479064941,2.4199485778808594e-05,0.047022104263305664,0.03287649154663086
2893_0.66_0.92.png,46.17048645019531,46.355995178222656,0.18550872802734375,0.9969401359558105,0.9970672130584717,0.0001270771026611328,0.04315519332885742,0.031139135360717773
289_0.83_1.16.png,39.00797653198242,38.95708465576172,-0.050891876220703125,0.9977197647094727,0.9977321624755859,1.239776611328125e-05,0.06202340126037598,0.03918266296386719
2905_0.99_0.96.png,35.39433670043945,35.39601135253906,0.001674652099609375,0.993500828742981,0.9935147166252136,1.3887882232666016e-05,0.04865312576293945,0.03192019462585449
290_0.6_1.14.png,41.84199523925781,42.022666931152344,0.18067169189453125,0.9984147548675537,0.998436689376831,2.193450927734375e-05,0.041877031326293945,0.04472208023071289
2917_0.55_0.86.png,42.91181182861328,43.24430847167969,0.33249664306640625,0.9971256256103516,0.9971768856048584,5.125999450683594e-05,0.04337787628173828,0.04015398025512695
2923_0.53_0.64.png,45.823368072509766,45.31560516357422,-0.5077629089355469,0.9988090395927429,0.9988278150558472,1.8775463104248047e-05,0.04584932327270508,0.03812813758850098
292_0.67_0.61.png,41.923675537109375,41.70428466796875,-0.219390869140625,0.9987989664077759,0.9987845420837402,-1.4424324035644531e-05,0.04190969467163086,0.038770437240600586
2933_0.98_1.9.png,36.78553771972656,36.76707458496094,-0.018463134765625,0.9964620471000671,0.9964572787284851,-4.76837158203125e-06,0.04412984848022461,0.040283918380737305
2936_0.98_1.9.png,36.78553771972656,36.763938903808594,-0.02159881591796875,0.9964620471000671,0.9964566230773926,-5.424022674560547e-06,0.04506683349609375,0.03186941146850586
2943_0.94_1.06.png,41.66084671020508,41.79178237915039,0.1309356689453125,0.9963073134422302,0.9963523745536804,4.506111145019531e-05,0.04448270797729492,0.04223775863647461
2947_0.91_0.89.png,41.68218231201172,42.00812530517578,0.3259429931640625,0.9982247352600098,0.9982618093490601,3.707408905029297e-05,0.044683218002319336,0.039409637451171875
2952_0.56_0.89.png,42.01963806152344,41.83347702026367,-0.18616104125976562,0.9981395602226257,0.998127818107605,-1.1742115020751953e-05,0.04544210433959961,0.0376434326171875
2957_0.86_1.61.png,34.51286697387695,34.88024139404297,0.3673744201660156,0.9936381578445435,0.993771493434906,0.00013333559036254883,0.04506540298461914,0.03174924850463867
2965_0.87_0.95.png,35.69335174560547,35.902061462402344,0.208709716796875,0.994475781917572,0.994577169418335,0.00010138750076293945,0.042101383209228516,0.04015374183654785
2985_0.62_1.93.png,39.113037109375,39.1936149597168,0.08057785034179688,0.9916126728057861,0.9915316104888916,-8.106231689453125e-05,0.04435539245605469,0.03172111511230469
2986_0.78_1.67.png,38.89702606201172,38.956382751464844,0.059356689453125,0.9914013743400574,0.9913140535354614,-8.732080459594727e-05,0.043512582778930664,0.03158831596374512
2991_0.88_1.4.png,37.82905578613281,37.726985931396484,-0.10206985473632812,0.9945064783096313,0.9944111108779907,-9.5367431640625e-05,0.05249166488647461,0.03196597099304199
2995_0.98_1.88.png,37.23240280151367,37.47430419921875,0.24190139770507812,0.9944974780082703,0.9945915937423706,9.41157341003418e-05,0.04237937927246094,0.03371620178222656
2_0.59_1.95.png,29.214876174926758,29.120885848999023,-0.09399032592773438,0.9911289215087891,0.9910683035850525,-6.0617923736572266e-05,0.039739370346069336,0.03409552574157715
309_0.52_0.96.png,37.500579833984375,37.72842025756836,0.22784042358398438,0.9929878115653992,0.993198812007904,0.0002110004425048828,0.04057431221008301,0.0292203426361084
325_0.68_1.71.png,34.85320281982422,34.657752990722656,-0.1954498291015625,0.9969688653945923,0.9969614744186401,-7.3909759521484375e-06,0.04400014877319336,0.028142213821411133
326_0.56_0.94.png,35.22285842895508,34.776607513427734,-0.44625091552734375,0.9987596869468689,0.9987298250198364,-2.9861927032470703e-05,0.0425717830657959,0.028446197509765625
329_0.57_1.97.png,36.320682525634766,36.0537223815918,-0.26696014404296875,0.9952858686447144,0.9952675700187683,-1.8298625946044922e-05,0.053075313568115234,0.030306339263916016
333_0.84_1.98.png,31.62685203552246,31.777402877807617,0.15055084228515625,0.9918440580368042,0.991868257522583,2.4199485778808594e-05,0.042627573013305664,0.030579090118408203
337_0.55_1.95.png,39.216224670410156,39.47145462036133,0.2552299499511719,0.9942622184753418,0.9943757057189941,0.00011348724365234375,0.039557695388793945,0.029747962951660156
342_0.98_1.92.png,36.993412017822266,37.07941436767578,0.08600234985351562,0.9927225112915039,0.9927984476089478,7.593631744384766e-05,0.04242444038391113,0.028702259063720703
354_0.87_0.68.png,37.73989486694336,37.77983093261719,0.039936065673828125,0.9975795149803162,0.9975658655166626,-1.3649463653564453e-05,0.04436230659484863,0.029637813568115234
35_0.97_0.83.png,31.744260787963867,31.77509117126465,0.03083038330078125,0.9942185282707214,0.9942054152488708,-1.3113021850585938e-05,0.042288780212402344,0.03422379493713379
364_0.81_1.57.png,36.119590759277344,36.237815856933594,0.11822509765625,0.9869358539581299,0.9867148399353027,-0.00022101402282714844,0.041496992111206055,0.02888178825378418
368_0.53_1.11.png,42.46780776977539,41.98619842529297,-0.4816093444824219,0.9987285137176514,0.9986957311630249,-3.2782554626464844e-05,0.04577350616455078,0.029694557189941406
369_0.78_1.42.png,37.14011764526367,37.02888488769531,-0.11123275756835938,0.9976154565811157,0.9976048469543457,-1.0609626770019531e-05,0.0437777042388916,0.029931306838989258
372_0.85_0.74.png,39.00490188598633,38.83833312988281,-0.16656875610351562,0.9986183643341064,0.9985861778259277,-3.218650817871094e-05,0.04059934616088867,0.028369665145874023
376_0.72_1.61.png,37.637901306152344,37.33686065673828,-0.3010406494140625,0.9976940155029297,0.9976791143417358,-1.4901161193847656e-05,0.042053937911987305,0.03098154067993164
384_0.87_0.82.png,41.347206115722656,41.21516799926758,-0.13203811645507812,0.9987726211547852,0.9987496137619019,-2.300739288330078e-05,0.04372525215148926,0.03734731674194336
386_0.91_1.27.png,36.45061111450195,36.81695556640625,0.3663444519042969,0.9965828657150269,0.9964815378189087,-0.00010132789611816406,0.05584383010864258,0.032189130783081055
388_0.82_1.27.png,37.8806037902832,38.19221115112305,0.31160736083984375,0.9972079992294312,0.9971515536308289,-5.644559860229492e-05,0.05792403221130371,0.0407261848449707
390_0.53_0.96.png,39.24211502075195,39.21871566772461,-0.02339935302734375,0.9981793165206909,0.9981760382652283,-3.2782554626464844e-06,0.057440757751464844,0.03059220314025879
395_0.5_1.02.png,39.768768310546875,38.92536544799805,-0.8434028625488281,0.9986714124679565,0.9985954165458679,-7.599592208862305e-05,0.03524279594421387,0.03786039352416992
399_0.91_1.91.png,29.452003479003906,29.584609985351562,0.13260650634765625,0.988300085067749,0.9884301424026489,0.00013005733489990234,0.05268144607543945,0.038083791732788086
39_0.85_1.11.png,34.05183410644531,34.50050735473633,0.4486732482910156,0.9965569376945496,0.9966044425964355,4.750490188598633e-05,0.04779863357543945,0.04025411605834961
400_0.99_1.08.png,31.44483184814453,31.6446533203125,0.19982147216796875,0.9926416873931885,0.992817759513855,0.0001760721206665039,0.07883024215698242,0.03984475135803223
407_0.59_0.69.png,44.974830627441406,45.260528564453125,0.28569793701171875,0.9993294477462769,0.9993323087692261,2.86102294921875e-06,0.034883975982666016,0.03904867172241211
40_0.65_1.78.png,38.21460723876953,38.56285095214844,0.34824371337890625,0.9956307411193848,0.995602011680603,-2.872943878173828e-05,0.03394913673400879,0.03799581527709961
410_0.96_1.32.png,28.414276123046875,28.344697952270508,-0.06957817077636719,0.992774248123169,0.9926570653915405,-0.00011718273162841797,0.03203320503234863,0.04729723930358887
411_0.78_1.03.png,32.028255462646484,31.909696578979492,-0.11855888366699219,0.9965000152587891,0.9964463710784912,-5.364418029785156e-05,0.030838966369628906,0.029879331588745117
416_0.76_0.72.png,36.39189147949219,36.430580139160156,0.03868865966796875,0.9977664351463318,0.9978127479553223,4.6312808990478516e-05,0.03083634376525879,0.03240847587585449
419_0.74_1.36.png,33.534149169921875,33.33385467529297,-0.20029449462890625,0.9953197240829468,0.9953327178955078,1.2993812561035156e-05,0.047666311264038086,0.03318309783935547
422_0.82_1.34.png,34.1904182434082,34.044803619384766,-0.1456146240234375,0.9942145347595215,0.9941868185997009,-2.771615982055664e-05,0.06516385078430176,0.04050159454345703
427_0.64_1.21.png,36.19586944580078,36.383541107177734,0.18767166137695312,0.9930658340454102,0.9931401014328003,7.426738739013672e-05,0.04148411750793457,0.0442042350769043
434_0.76_1.58.png,32.97620391845703,33.06076431274414,0.08456039428710938,0.9951791167259216,0.9951843023300171,5.185604095458984e-06,0.03259110450744629,0.03173971176147461
438_0.58_0.61.png,41.56185531616211,41.80824279785156,0.24638748168945312,0.9979228973388672,0.9978924989700317,-3.039836883544922e-05,0.03010845184326172,0.038458824157714844
439_0.95_1.86.png,27.21807289123535,27.392112731933594,0.1740398406982422,0.9732487201690674,0.9737100005149841,0.00046128034591674805,0.043263912200927734,0.04211592674255371
440_0.72_1.73.png,33.24836349487305,33.492652893066406,0.24428939819335938,0.9893919825553894,0.9894787669181824,8.678436279296875e-05,0.03767514228820801,0.031444549560546875
442_0.83_1.12.png,36.60702133178711,36.488059997558594,-0.11896133422851562,0.9971551895141602,0.9971035718917847,-5.161762237548828e-05,0.04229474067687988,0.03867006301879883
443_0.57_0.87.png,38.47794723510742,38.443092346191406,-0.034854888916015625,0.9983700513839722,0.9983878135681152,1.7762184143066406e-05,0.055878639221191406,0.03194761276245117
444_0.78_0.52.png,39.77419662475586,39.47471618652344,-0.2994804382324219,0.9987677931785583,0.9987193942070007,-4.839897155761719e-05,0.037479400634765625,0.03366661071777344
445_0.81_1.45.png,33.81793212890625,34.11954879760742,0.3016166687011719,0.996957004070282,0.9969915151596069,3.451108932495117e-05,0.036940813064575195,0.031668901443481445
453_0.76_1.67.png,30.915605545043945,30.718868255615234,-0.19673728942871094,0.9935108423233032,0.9934227466583252,-8.809566497802734e-05,0.03341341018676758,0.03366971015930176
455_0.55_1.99.png,34.47966003417969,34.50175094604492,0.022090911865234375,0.9914699792861938,0.9914249777793884,-4.500150680541992e-05,0.03270840644836426,0.029564380645751953
456_0.84_1.7.png,29.297733306884766,29.151588439941406,-0.14614486694335938,0.9913411140441895,0.9912521839141846,-8.893013000488281e-05,0.03234457969665527,0.02966761589050293
462_0.65_1.65.png,33.21693420410156,33.574092864990234,0.3571586608886719,0.9958798885345459,0.9959219694137573,4.208087921142578e-05,0.03685760498046875,0.02872443199157715
465_0.97_1.62.png,28.835561752319336,29.01781463623047,0.1822528839111328,0.9942344427108765,0.9942688941955566,3.445148468017578e-05,0.046758413314819336,0.034279823303222656
466_0.7_1.58.png,34.34798812866211,34.571937561035156,0.22394943237304688,0.9975894689559937,0.9976334571838379,4.398822784423828e-05,0.031682491302490234,0.03197598457336426
475_0.64_1.59.png,32.55540466308594,32.40693283081055,-0.14847183227539062,0.9935010671615601,0.9934336543083191,-6.74128532409668e-05,0.031514644622802734,0.030652999877929688
480_0.96_1.82.png,33.276268005371094,33.375022888183594,0.0987548828125,0.9908312559127808,0.9908826351165771,5.137920379638672e-05,0.038579463958740234,0.0343022346496582
483_0.88_1.16.png,38.25090026855469,38.50188446044922,0.25098419189453125,0.9983106851577759,0.9983437061309814,3.3020973205566406e-05,0.0615382194519043,0.0372922420501709
487_0.51_1.74.png,32.141605377197266,32.32624053955078,0.18463516235351562,0.9949139356613159,0.9948828220367432,-3.1113624572753906e-05,0.042382001876831055,0.036580801010131836
495_0.89_1.26.png,33.176151275634766,33.2030029296875,0.026851654052734375,0.9900087118148804,0.989905059337616,-0.0001036524772644043,0.04598116874694824,0.0348663330078125
500_0.56_0.68.png,41.64704895019531,41.671348571777344,0.02429962158203125,0.9989141225814819,0.9989176988601685,3.5762786865234375e-06,0.035440683364868164,0.02938985824584961
506_0.58_1.19.png,34.886329650878906,35.057228088378906,0.1708984375,0.9969968199729919,0.996993899345398,-2.9206275939941406e-06,0.03650712966918945,0.0312957763671875
509_0.63_1.2.png,40.70013427734375,40.924949645996094,0.22481536865234375,0.9979466795921326,0.9980031847953796,5.650520324707031e-05,0.031086206436157227,0.030419588088989258
516_0.68_1.23.png,36.600921630859375,36.65285110473633,0.051929473876953125,0.9973077774047852,0.997301459312439,-6.318092346191406e-06,0.031169414520263672,0.03712773323059082
518_0.95_1.66.png,29.37237548828125,29.607421875,0.23504638671875,0.9851042628288269,0.9851076006889343,3.337860107421875e-06,0.03311872482299805,0.0334010124206543
521_0.93_1.49.png,32.29875946044922,32.434288024902344,0.135528564453125,0.9940866231918335,0.9940667152404785,-1.990795135498047e-05,0.0349733829498291,0.032170772552490234
528_0.63_0.99.png,38.30184555053711,37.81996154785156,-0.4818840026855469,0.9985435009002686,0.9985014796257019,-4.202127456665039e-05,0.03065180778503418,0.03975558280944824
536_0.73_1.23.png,38.15681838989258,37.96015548706055,-0.19666290283203125,0.9983169436454773,0.9983234405517578,6.496906280517578e-06,0.03333592414855957,0.03001999855041504
537_0.67_1.66.png,33.005672454833984,33.439701080322266,0.43402862548828125,0.976087749004364,0.9776698350906372,0.0015820860862731934,0.035334110260009766,0.030956506729125977
538_0.92_1.61.png,31.41931915283203,31.84820556640625,0.42888641357421875,0.9360576868057251,0.9372510313987732,0.0011933445930480957,0.07344579696655273,0.02939629554748535
541_0.62_1.42.png,35.90079879760742,35.9177360534668,0.016937255859375,0.9966089129447937,0.9965653419494629,-4.357099533081055e-05,0.03779435157775879,0.030048370361328125
543_0.51_0.66.png,41.29991149902344,41.41988754272461,0.11997604370117188,0.9988093376159668,0.9988001585006714,-9.179115295410156e-06,0.03184008598327637,0.029053688049316406
545_0.7_0.92.png,37.690948486328125,37.30680465698242,-0.3841438293457031,0.9979822635650635,0.9979874491691589,5.185604095458984e-06,0.03227877616882324,0.06157374382019043
546_0.73_0.63.png,40.121795654296875,39.719261169433594,-0.40253448486328125,0.9988031387329102,0.9987995028495789,-3.635883331298828e-06,0.0480191707611084,0.03241157531738281
547_0.79_1.67.png,33.81792449951172,33.75543212890625,-0.06249237060546875,0.9939820170402527,0.9941185712814331,0.00013655424118041992,0.05473041534423828,0.03089427947998047
561_0.77_0.8.png,40.3852653503418,40.385128021240234,-0.0001373291015625,0.995268702507019,0.995417058467865,0.00014835596084594727,0.03217315673828125,0.03229641914367676
562_0.93_1.27.png,36.724632263183594,36.690513610839844,-0.03411865234375,0.9867624640464783,0.9868875741958618,0.00012511014938354492,0.03107595443725586,0.029890775680541992
565_0.76_1.56.png,34.285064697265625,34.2450065612793,-0.040058135986328125,0.9949212074279785,0.9948278665542603,-9.334087371826172e-05,0.03427624702453613,0.029575824737548828
566_0.6_1.1.png,33.15584945678711,33.15731430053711,0.00146484375,0.9955329895019531,0.9955465197563171,1.3530254364013672e-05,0.031113386154174805,0.03225302696228027
56_0.78_1.27.png,37.00619888305664,36.95885467529297,-0.047344207763671875,0.9968785047531128,0.9968705177307129,-7.987022399902344e-06,0.03064727783203125,0.031184911727905273
570_0.79_1.59.png,36.026092529296875,35.8353271484375,-0.190765380859375,0.9933788776397705,0.9932326078414917,-0.0001462697982788086,0.03388261795043945,0.03072953224182129
577_0.51_0.99.png,37.29763412475586,37.30942153930664,0.01178741455078125,0.9947162866592407,0.9948177337646484,0.00010144710540771484,0.03400611877441406,0.029767751693725586
578_0.73_1.04.png,40.45655822753906,40.451499938964844,-0.00505828857421875,0.9956640601158142,0.9956859350204468,2.187490463256836e-05,0.0351564884185791,0.02823638916015625
57_0.61_1.69.png,36.324344635009766,36.69514465332031,0.3708000183105469,0.996327817440033,0.9964520335197449,0.00012421607971191406,0.030842065811157227,0.036844491958618164
588_0.66_1.55.png,35.317630767822266,35.276611328125,-0.041019439697265625,0.9936978220939636,0.993706226348877,8.404254913330078e-06,0.044463157653808594,0.031961917877197266
592_0.61_0.98.png,34.01816940307617,33.9829216003418,-0.035247802734375,0.9958034753799438,0.9957739114761353,-2.956390380859375e-05,0.059661149978637695,0.03841042518615723
600_0.89_1.63.png,29.519737243652344,29.467205047607422,-0.052532196044921875,0.9923462867736816,0.992222011089325,-0.00012427568435668945,0.06085991859436035,0.04204988479614258
602_0.76_1.57.png,36.62106704711914,36.99306869506836,0.37200164794921875,0.9954791069030762,0.9954276084899902,-5.14984130859375e-05,0.03536033630371094,0.029646873474121094
608_0.55_1.73.png,35.82258605957031,36.12705993652344,0.304473876953125,0.9964432716369629,0.9964529871940613,9.715557098388672e-06,0.0353395938873291,0.02965068817138672
60_0.58_1.79.png,35.997982025146484,36.16288375854492,0.1649017333984375,0.9959375262260437,0.9960374236106873,9.989738464355469e-05,0.04987835884094238,0.04949235916137695
610_0.58_0.89.png,36.81359100341797,36.56621170043945,-0.24737930297851562,0.9979111552238464,0.9978572726249695,-5.3882598876953125e-05,0.05270028114318848,0.02969670295715332
614_0.95_0.72.png,40.076385498046875,40.00494384765625,-0.071441650390625,0.9987761378288269,0.998767614364624,-8.52346420288086e-06,0.06489133834838867,0.032011985778808594
616_0.88_1.72.png,35.673248291015625,35.71681594848633,0.043567657470703125,0.9956789016723633,0.9956735968589783,-5.304813385009766e-06,0.04340958595275879,0.038117408752441406
617_0.73_1.62.png,32.394744873046875,32.554481506347656,0.15973663330078125,0.9778304100036621,0.9777978658676147,-3.254413604736328e-05,0.03431081771850586,0.029939889907836914
621_0.65_0.87.png,34.696937561035156,34.87708282470703,0.180145263671875,0.997658371925354,0.9976891279220581,3.075599670410156e-05,0.03516578674316406,0.029700756072998047
624_0.88_1.47.png,32.25923156738281,32.324947357177734,0.06571578979492188,0.9943158030509949,0.9943496584892273,3.3855438232421875e-05,0.03597378730773926,0.028421878814697266
626_0.66_1.13.png,31.40596580505371,31.689739227294922,0.28377342224121094,0.995429277420044,0.9955334663391113,0.00010418891906738281,0.03074336051940918,0.02929520606994629
628_0.64_1.31.png,32.15536880493164,32.49400329589844,0.3386344909667969,0.9956048727035522,0.9957065582275391,0.0001016855239868164,0.04022693634033203,0.032358407974243164
631_0.94_0.86.png,38.047359466552734,38.053199768066406,0.005840301513671875,0.996842086315155,0.996868371963501,2.6285648345947266e-05,0.06001782417297363,0.030901670455932617
632_0.91_1.4.png,35.970970153808594,35.9923095703125,0.02133941650390625,0.9943739771842957,0.9945346117019653,0.00016063451766967773,0.04267311096191406,0.030725955963134766
63_0.86_1.5.png,37.35467529296875,37.43833541870117,0.08366012573242188,0.9967445135116577,0.9967602491378784,1.5735626220703125e-05,0.03156232833862305,0.02959609031677246
644_0.87_1.08.png,32.70465850830078,32.72620391845703,0.02154541015625,0.9893049001693726,0.9890244007110596,-0.0002804994583129883,0.03460049629211426,0.03060436248779297
645_0.92_0.79.png,42.94715118408203,42.78575897216797,-0.1613922119140625,0.9988827705383301,0.9988738298416138,-8.940696716308594e-06,0.0321497917175293,0.03607511520385742
647_0.58_1.05.png,37.13584899902344,37.05987548828125,-0.0759735107421875,0.998388946056366,0.9983765482902527,-1.239776611328125e-05,0.0279085636138916,0.03105020523071289
657_0.8_1.55.png,32.95140075683594,32.70328140258789,-0.24811935424804688,0.9859580993652344,0.9855110049247742,-0.0004470944404602051,0.0538480281829834,0.03856921195983887
661_0.6_1.84.png,33.06373977661133,33.325748443603516,0.2620086669921875,0.994814395904541,0.9949089884757996,9.459257125854492e-05,0.03504300117492676,0.03594708442687988
668_0.88_1.12.png,40.65205001831055,40.82708740234375,0.17503738403320312,0.9967027902603149,0.9967846870422363,8.189678192138672e-05,0.0373072624206543,0.0408937931060791
66_0.83_0.66.png,38.924503326416016,38.85274887084961,-0.07175445556640625,0.9977707862854004,0.997738778591156,-3.2007694244384766e-05,0.04055070877075195,0.029805660247802734
670_0.89_1.66.png,33.75467300415039,33.59859848022461,-0.15607452392578125,0.9956984519958496,0.9956971406936646,-1.3113021850585938e-06,0.07906150817871094,0.030853748321533203
673_0.55_0.68.png,34.044158935546875,33.99687576293945,-0.047283172607421875,0.9985342025756836,0.9985451698303223,1.0967254638671875e-05,0.0404202938079834,0.03212094306945801
684_0.67_1.46.png,33.20987319946289,33.166908264160156,-0.042964935302734375,0.9956738352775574,0.9956164360046387,-5.739927291870117e-05,0.03983926773071289,0.03766512870788574
690_0.54_1.0.png,32.54629898071289,32.19517135620117,-0.35112762451171875,0.9966440200805664,0.9964916706085205,-0.00015234947204589844,0.06965231895446777,0.035463809967041016
691_0.81_1.41.png,37.521759033203125,37.726707458496094,0.20494842529296875,0.9967645406723022,0.9968015551567078,3.701448440551758e-05,0.03549909591674805,0.03653573989868164
699_0.77_1.57.png,35.19736862182617,35.45264434814453,0.2552757263183594,0.997132420539856,0.9972187876701355,8.636713027954102e-05,0.036019325256347656,0.039789676666259766
706_0.58_1.34.png,30.690139770507812,30.725698471069336,0.03555870056152344,0.99431312084198,0.9943661093711853,5.2988529205322266e-05,0.05883193016052246,0.03459763526916504
707_0.94_1.48.png,34.72543716430664,34.48321533203125,-0.24222183227539062,0.9943341016769409,0.994362473487854,2.8371810913085938e-05,0.031009197235107422,0.03628230094909668
711_0.71_1.84.png,37.53954315185547,37.467445373535156,-0.0720977783203125,0.996586799621582,0.9965822100639343,-4.589557647705078e-06,0.028273820877075195,0.03440070152282715
717_0.67_1.02.png,41.56412124633789,41.574424743652344,0.010303497314453125,0.9977962970733643,0.9977859258651733,-1.0371208190917969e-05,0.03273582458496094,0.030422687530517578
71_0.9_0.93.png,40.14999008178711,40.08991241455078,-0.060077667236328125,0.9977136850357056,0.9977506399154663,3.695487976074219e-05,0.055292606353759766,0.031850576400756836
722_0.64_0.65.png,37.745208740234375,37.62428665161133,-0.12092208862304688,0.9977763891220093,0.9977661967277527,-1.0192394256591797e-05,0.03482985496520996,0.030094146728515625
723_0.77_1.08.png,36.96879196166992,36.75794219970703,-0.21084976196289062,0.9964689612388611,0.9963657259941101,-0.00010323524475097656,0.04587960243225098,0.031052827835083008
725_0.64_0.72.png,44.99754333496094,44.69703674316406,-0.300506591796875,0.9989087581634521,0.9989166259765625,7.867813110351562e-06,0.03706765174865723,0.030597448348999023
72_0.7_1.07.png,41.75249099731445,41.968997955322266,0.2165069580078125,0.9979981184005737,0.9980732202529907,7.510185241699219e-05,0.04029440879821777,0.029734134674072266
735_0.5_1.46.png,31.595802307128906,31.498804092407227,-0.09699821472167969,0.9933635592460632,0.9931671619415283,-0.0001963973045349121,0.06149005889892578,0.0361635684967041
736_0.78_1.76.png,33.9416389465332,33.843711853027344,-0.09792709350585938,0.9898945093154907,0.9897527694702148,-0.0001417398452758789,0.02773571014404297,0.02926778793334961
740_0.94_0.76.png,35.328636169433594,35.34101486206055,0.012378692626953125,0.997461199760437,0.997472882270813,1.1682510375976562e-05,0.04851508140563965,0.0307614803314209
741_0.81_1.91.png,36.863399505615234,36.929832458496094,0.06643295288085938,0.9943739175796509,0.9943041801452637,-6.973743438720703e-05,0.030331134796142578,0.03140139579772949
755_0.86_0.67.png,34.3719482421875,34.442195892333984,0.07024765014648438,0.9968644976615906,0.9969181418418884,5.364418029785156e-05,0.04767441749572754,0.038617849349975586
757_0.87_1.78.png,35.6236572265625,35.91899490356445,0.2953376770019531,0.9937261939048767,0.9937785863876343,5.239248275756836e-05,0.027711153030395508,0.03375673294067383
770_0.88_1.68.png,31.1919002532959,31.10210609436035,-0.08979415893554688,0.9909419417381287,0.9907336235046387,-0.00020831823348999023,0.031987905502319336,0.04424309730529785
771_0.77_1.91.png,29.75130271911621,29.700820922851562,-0.05048179626464844,0.9895597696304321,0.9893936514854431,-0.00016611814498901367,0.030756235122680664,0.044333457946777344
779_0.72_1.2.png,38.17824935913086,37.75446319580078,-0.4237861633300781,0.9984962940216064,0.9984776377677917,-1.8656253814697266e-05,0.027709245681762695,0.03458714485168457
784_0.73_1.21.png,34.54762268066406,34.67384719848633,0.12622451782226562,0.9972907304763794,0.9973301887512207,3.9458274841308594e-05,0.031794071197509766,0.0407567024230957
789_0.83_0.77.png,39.66161346435547,39.875274658203125,0.21366119384765625,0.9986352920532227,0.9986469745635986,1.1682510375976562e-05,0.025118589401245117,0.029440879821777344
797_0.56_1.33.png,41.1241569519043,41.263221740722656,0.13906478881835938,0.9952853918075562,0.9951592683792114,-0.00012612342834472656,0.02648472785949707,0.041127920150756836
802_0.9_1.9.png,32.64949035644531,32.79236602783203,0.14287567138671875,0.9892029166221619,0.9891559481620789,-4.696846008300781e-05,0.026209115982055664,0.040514230728149414
807_0.72_0.62.png,35.1689453125,35.213645935058594,0.04470062255859375,0.9978235960006714,0.9978460073471069,2.2411346435546875e-05,0.053449153900146484,0.039972782135009766
812_0.59_0.82.png,36.54083251953125,36.10343933105469,-0.4373931884765625,0.995862603187561,0.9957360625267029,-0.0001265406608581543,0.02458024024963379,0.03626108169555664
818_0.72_0.52.png,41.16519546508789,41.40003204345703,0.23483657836914062,0.9991772174835205,0.9991822242736816,5.0067901611328125e-06,0.024993419647216797,0.03622150421142578
823_0.63_1.96.png,32.129329681396484,31.992610931396484,-0.13671875,0.9931609630584717,0.9929742217063904,-0.00018674135208129883,0.02613687515258789,0.03628039360046387
828_0.72_1.9.png,27.711620330810547,27.860441207885742,0.1488208770751953,0.9909224510192871,0.9909670352935791,4.458427429199219e-05,0.026195764541625977,0.0362544059753418
835_0.98_1.98.png,33.05255126953125,33.41948699951172,0.36693572998046875,0.9935945868492126,0.9935835599899292,-1.1026859283447266e-05,0.027563810348510742,0.03484749794006348
83_0.64_1.88.png,38.318397521972656,38.40694046020508,0.08854293823242188,0.9956459999084473,0.9956158995628357,-3.0100345611572266e-05,0.03427910804748535,0.036611080169677734
842_0.93_0.69.png,39.09232711791992,39.20181655883789,0.10948944091796875,0.9979170560836792,0.9979888796806335,7.18235969543457e-05,0.029621362686157227,0.03716230392456055
843_0.99_1.9.png,30.60177230834961,30.70626449584961,0.1044921875,0.9917949438095093,0.9918049573898315,1.0013580322265625e-05,0.05109453201293945,0.03594231605529785
849_0.55_0.6.png,45.431522369384766,45.15204620361328,-0.2794761657714844,0.9995865821838379,0.9995952844619751,8.702278137207031e-06,0.05109095573425293,0.039942264556884766
851_0.78_0.98.png,40.27180099487305,40.15260696411133,-0.11919403076171875,0.9990954399108887,0.9990841150283813,-1.1324882507324219e-05,0.03345322608947754,0.04325437545776367
856_0.91_1.72.png,35.81404495239258,36.08771896362305,0.27367401123046875,0.9928244352340698,0.9928731918334961,4.875659942626953e-05,0.027876615524291992,0.02854609489440918
867_0.89_1.83.png,36.10104751586914,35.98781967163086,-0.11322784423828125,0.9963135719299316,0.9963353872299194,2.181529998779297e-05,0.03775763511657715,0.02934718132019043
86_0.74_0.98.png,36.00483703613281,36.2426643371582,0.23782730102539062,0.9956001043319702,0.9957005381584167,0.0001004338264465332,0.034769535064697266,0.03547835350036621
879_0.76_1.47.png,34.87682342529297,34.716552734375,-0.16027069091796875,0.9940398931503296,0.9939055442810059,-0.00013434886932373047,0.04340052604675293,0.02945685386657715
887_0.59_1.65.png,35.125308990478516,34.648834228515625,-0.4764747619628906,0.9961972236633301,0.9962431788444519,4.595518112182617e-05,0.045340776443481445,0.028592586517333984
888_0.91_0.73.png,38.402610778808594,38.24607467651367,-0.15653610229492188,0.9983077049255371,0.998262882232666,-4.482269287109375e-05,0.04842066764831543,0.027483224868774414
889_0.9_0.87.png,33.91159439086914,33.85349655151367,-0.05809783935546875,0.9940223097801208,0.9938920736312866,-0.00013023614883422852,0.05295705795288086,0.028176069259643555
892_0.84_0.9.png,34.16598129272461,34.035499572753906,-0.13048171997070312,0.9939922094345093,0.9938433170318604,-0.00014889240264892578,0.039305686950683594,0.02957892417907715
8_0.96_0.8.png,35.80659103393555,35.9959831237793,0.18939208984375,0.9960722327232361,0.9960333108901978,-3.892183303833008e-05,0.06667065620422363,0.02813553810119629
913_0.54_1.24.png,39.16153335571289,38.676727294921875,-0.4848060607910156,0.997496485710144,0.9973341822624207,-0.00016230344772338867,0.02683091163635254,0.03395247459411621
91_0.86_1.21.png,38.39682388305664,38.519046783447266,0.122222900390625,0.996518611907959,0.9964655637741089,-5.3048133850097656e-05,0.025474071502685547,0.0338749885559082
922_0.74_0.99.png,35.87676239013672,36.06840896606445,0.19164657592773438,0.9981174468994141,0.9980975389480591,-1.990795135498047e-05,0.027553319931030273,0.0381166934967041
924_0.77_0.94.png,36.35139846801758,36.55910110473633,0.20770263671875,0.9981977939605713,0.9981820583343506,-1.5735626220703125e-05,0.04612016677856445,0.03680157661437988
927_0.73_1.45.png,37.101295471191406,37.19356155395508,0.09226608276367188,0.997097373008728,0.9971432089805603,4.583597183227539e-05,0.02716851234436035,0.03694796562194824
931_0.97_1.4.png,33.13703155517578,33.22321319580078,0.086181640625,0.9944455027580261,0.9943647384643555,-8.07642936706543e-05,0.027475357055664062,0.03831028938293457
932_0.81_1.54.png,35.683956146240234,35.62411880493164,-0.05983734130859375,0.9956771731376648,0.9956137537956238,-6.341934204101562e-05,0.024643659591674805,0.03131747245788574
936_0.91_0.66.png,40.80564498901367,40.82403564453125,0.018390655517578125,0.9963926672935486,0.9964512586593628,5.8591365814208984e-05,0.05706310272216797,0.029840707778930664
938_0.96_0.78.png,38.519981384277344,38.45079803466797,-0.069183349609375,0.9971119165420532,0.99705970287323,-5.221366882324219e-05,0.028206348419189453,0.028820037841796875
939_0.79_1.3.png,33.201358795166016,33.22207260131836,0.02071380615234375,0.9944714307785034,0.9944033622741699,-6.80685043334961e-05,0.025169849395751953,0.029361486434936523
941_0.53_1.08.png,43.9131965637207,43.793556213378906,-0.11964035034179688,0.9965196847915649,0.9965631365776062,4.3451786041259766e-05,0.031917572021484375,0.03455710411071777
942_0.98_1.21.png,38.355224609375,38.42705154418945,0.07182693481445312,0.9889413714408875,0.9889888763427734,4.750490188598633e-05,0.03374648094177246,0.03505849838256836
943_0.6_1.91.png,40.268943786621094,40.1533088684082,-0.11563491821289062,0.9922194480895996,0.9921908378601074,-2.86102294921875e-05,0.0328521728515625,0.03415632247924805
946_0.8_0.84.png,38.044281005859375,37.996883392333984,-0.047397613525390625,0.9966310262680054,0.9966373443603516,6.318092346191406e-06,0.03433704376220703,0.038910627365112305
956_0.55_1.4.png,36.206851959228516,36.033321380615234,-0.17353057861328125,0.9966607093811035,0.9966344833374023,-2.6226043701171875e-05,0.03648090362548828,0.034372568130493164
961_0.77_1.5.png,36.41163635253906,36.17896270751953,-0.23267364501953125,0.9967576265335083,0.9966549277305603,-0.00010269880294799805,0.03769946098327637,0.03551054000854492
966_0.66_0.6.png,37.77811050415039,37.72865676879883,-0.0494537353515625,0.9972628355026245,0.9972045421600342,-5.829334259033203e-05,0.027746915817260742,0.03485870361328125
968_0.54_1.0.png,38.13785171508789,38.026588439941406,-0.11126327514648438,0.9969813227653503,0.9968953132629395,-8.600950241088867e-05,0.035300493240356445,0.0352630615234375
96_0.82_0.62.png,36.94828414916992,37.05911636352539,0.11083221435546875,0.9969643950462341,0.9970189929008484,5.459785461425781e-05,0.028033733367919922,0.04841899871826172
980_0.58_0.68.png,43.38279342651367,43.34773635864258,-0.03505706787109375,0.9991884231567383,0.9991762042045593,-1.2218952178955078e-05,0.03749656677246094,0.036004066467285156
984_0.67_1.7.png,36.09882354736328,36.218196868896484,0.11937332153320312,0.9942643046379089,0.9942578673362732,-6.4373016357421875e-06,0.05605292320251465,0.04300713539123535
98_0.97_1.56.png,34.891136169433594,35.0308952331543,0.13975906372070312,0.9932648539543152,0.993217945098877,-4.690885543823242e-05,0.02800893783569336,0.03584003448486328
