name,split,A0_PSNR,A0_SSIM,student_PSNR,student_SSIM,dPSNR,dSSIM,max_abs_vs_A0
1000_0.74_1.6.png,train_core,36.92020034790039,0.9977827072143555,38.200374603271484,0.997870683670044,1.2801742553710938,8.797645568847656e-05,0.03462564945220947
1001_0.89_1.66.png,train_core,35.0080680847168,0.9752732515335083,35.755218505859375,0.9766864776611328,0.7471504211425781,0.0014132261276245117,0.012209385633468628
1003_0.9_1.06.png,train_core,38.651920318603516,0.9868766665458679,39.51995086669922,0.9876880049705505,0.8680305480957031,0.0008113384246826172,0.022094644606113434
1004_0.91_1.17.png,train_core,37.14018249511719,0.988755464553833,38.01634216308594,0.9896119832992554,0.87615966796875,0.0008565187454223633,0.022056497633457184
1005_0.74_1.81.png,train_core,38.24256896972656,0.9962848424911499,37.998748779296875,0.996391236782074,-0.2438201904296875,0.00010639429092407227,0.03560948371887207
1006_0.89_1.55.png,train_core,37.08865737915039,0.9955443143844604,36.79815673828125,0.9956671595573425,-0.2905006408691406,0.00012284517288208008,0.0253371000289917
1007_0.68_1.25.png,train_core,38.75063705444336,0.9976851940155029,38.249534606933594,0.997693657875061,-0.5011024475097656,8.463859558105469e-06,0.025154948234558105
1008_0.52_1.98.png,train_core,39.023841857910156,0.9967288970947266,39.04078674316406,0.9969451427459717,0.01694488525390625,0.0002162456512451172,0.05364799499511719
1009_0.84_0.56.png,train_core,44.440006256103516,0.9891213178634644,43.71330642700195,0.9869519472122192,-0.7266998291015625,-0.002169370651245117,0.021245300769805908
100_0.65_1.43.png,train_core,36.17657470703125,0.9961954951286316,36.66714096069336,0.996186375617981,0.4905662536621094,-9.119510650634766e-06,0.02033674716949463
1010_0.91_1.13.png,train_core,39.224037170410156,0.9720012545585632,39.43393325805664,0.9743376970291138,0.20989608764648438,0.002336442470550537,0.019996076822280884
1011_0.79_0.66.png,train_core,43.74749755859375,0.9900081157684326,42.950416564941406,0.9882528781890869,-0.7970809936523438,-0.0017552375793457031,0.02336174249649048
1013_0.63_1.83.png,train_core,39.75517654418945,0.9964030981063843,39.81898498535156,0.9963178634643555,0.06380844116210938,-8.52346420288086e-05,0.03525054454803467
1014_0.74_1.61.png,train_core,40.07261657714844,0.9961057901382446,39.75080490112305,0.9958376288414001,-0.3218116760253906,-0.0002681612968444824,0.023798346519470215
1015_0.7_1.92.png,train_core,39.57148361206055,0.9959372282028198,39.485145568847656,0.9957877993583679,-0.08633804321289062,-0.0001494288444519043,0.02787160873413086
1017_0.91_1.44.png,train_core,33.621856689453125,0.9940203428268433,33.389869689941406,0.9940702319145203,-0.23198699951171875,4.988908767700195e-05,0.019135478883981705
1018_0.88_0.54.png,train_core,38.618621826171875,0.9982056021690369,38.196903228759766,0.9981763362884521,-0.4217185974121094,-2.9265880584716797e-05,0.014234080910682678
1019_0.82_1.87.png,train_core,32.746490478515625,0.9916017055511475,32.785728454589844,0.9918148517608643,0.03923797607421875,0.00021314620971679688,0.018381468951702118
1020_0.5_0.98.png,train_core,41.36623001098633,0.9977437853813171,41.58641052246094,0.997787356376648,0.22018051147460938,4.357099533081055e-05,0.013189613819122314
1021_0.73_0.84.png,train_core,38.97457504272461,0.9988822937011719,38.83108139038086,0.998908281326294,-0.14349365234375,2.5987625122070312e-05,0.016786590218544006
1022_0.66_1.05.png,train_core,40.13714599609375,0.9988061785697937,40.118492126464844,0.9988419413566589,-0.01865386962890625,3.5762786865234375e-05,0.021688714623451233
1025_0.95_1.79.png,train_core,34.59271240234375,0.9947077631950378,34.583290100097656,0.9948715567588806,-0.00942230224609375,0.00016379356384277344,0.006942272186279297
1026_0.77_0.89.png,train_core,35.755924224853516,0.9987044334411621,35.12574005126953,0.9986385107040405,-0.6301841735839844,-6.592273712158203e-05,0.0032410621643066406
1027_0.57_1.77.png,train_core,33.52218246459961,0.9958323240280151,33.54326629638672,0.9959151744842529,0.021083831787109375,8.285045623779297e-05,0.02315676212310791
1029_0.71_0.56.png,train_core,44.23097229003906,0.9988729953765869,43.661659240722656,0.9989157915115356,-0.5693130493164062,4.279613494873047e-05,0.0132073312997818
1030_0.75_1.69.png,train_core,38.21603012084961,0.989622950553894,38.31988525390625,0.9906628131866455,0.10385513305664062,0.0010398626327514648,0.019775211811065674
1032_0.6_0.6.png,train_core,42.998748779296875,0.9986637830734253,42.682804107666016,0.9987384676933289,-0.3159446716308594,7.468461990356445e-05,0.013319894671440125
1034_0.55_0.77.png,train_core,37.814796447753906,0.9962673187255859,39.07770538330078,0.9965493679046631,1.262908935546875,0.00028204917907714844,0.018917441368103027
103_0.75_1.59.png,train_core,31.22648048400879,0.9877637624740601,31.25719451904297,0.9882432818412781,0.030714035034179688,0.0004795193672180176,0.005031555891036987
1040_0.78_2.0.png,train_core,31.562419891357422,0.9948179125785828,31.41617774963379,0.9947359561920166,-0.1462421417236328,-8.195638656616211e-05,0.0074005126953125
1041_0.64_0.82.png,train_core,36.11084747314453,0.997194766998291,36.497779846191406,0.9974324107170105,0.386932373046875,0.00023764371871948242,0.018077611923217773
1042_0.91_0.56.png,train_core,42.3932991027832,0.9986444711685181,42.153846740722656,0.9986914396286011,-0.23945236206054688,4.696846008300781e-05,0.020183205604553223
1043_0.68_1.87.png,train_core,34.001853942871094,0.9925280809402466,34.819786071777344,0.9931485056877136,0.81793212890625,0.000620424747467041,0.020503878593444824
1044_0.69_0.99.png,train_core,38.08240509033203,0.9974052906036377,38.64445877075195,0.9976277351379395,0.5620536804199219,0.0002224445343017578,0.01646023988723755
1046_0.91_1.69.png,train_core,31.82157325744629,0.9695286750793457,31.938018798828125,0.9713272452354431,0.11644554138183594,0.0017985701560974121,0.03245849907398224
1047_0.89_1.57.png,train_core,31.74358367919922,0.9748638868331909,31.624271392822266,0.9754638075828552,-0.11931228637695312,0.0005999207496643066,0.02296304702758789
1048_0.73_0.95.png,train_core,33.038639068603516,0.9848038554191589,32.833194732666016,0.9850673675537109,-0.2054443359375,0.00026351213455200195,0.01284511387348175
1049_0.97_1.09.png,train_core,38.178714752197266,0.9960440397262573,37.87824630737305,0.9959722757339478,-0.30046844482421875,-7.176399230957031e-05,0.02421855926513672
104_0.88_1.76.png,train_core,31.509904861450195,0.9865877032279968,31.6163272857666,0.9870743751525879,0.10642242431640625,0.00048667192459106445,0.0055498480796813965
1050_0.61_1.24.png,train_core,40.223941802978516,0.9977559447288513,40.783836364746094,0.9978539347648621,0.5598945617675781,9.799003601074219e-05,0.06532049179077148
1051_0.69_0.54.png,train_core,42.7329216003418,0.9985893964767456,43.26386260986328,0.9986271858215332,0.5309410095214844,3.7789344787597656e-05,0.025579452514648438
1052_0.73_1.22.png,train_core,38.57339096069336,0.9968518018722534,38.91276550292969,0.996950626373291,0.3393745422363281,9.882450103759766e-05,0.0437321662902832
1053_0.54_1.81.png,train_core,37.229095458984375,0.9685842394828796,37.64189147949219,0.9700314998626709,0.4127960205078125,0.0014472603797912598,0.03503310680389404
1054_0.86_1.22.png,train_core,38.02239990234375,0.9812166094779968,38.791709899902344,0.9824427366256714,0.7693099975585938,0.0012261271476745605,0.015525326132774353
1055_0.8_1.95.png,train_core,34.829917907714844,0.9561156034469604,35.56483459472656,0.9584715366363525,0.7349166870117188,0.00235593318939209,0.0227583646774292
1057_0.96_1.31.png,train_core,39.992652893066406,0.9886795282363892,39.85344314575195,0.9936952590942383,-0.13920974731445312,0.005015730857849121,0.03974742814898491
1058_0.6_1.0.png,train_core,41.97815704345703,0.9950177073478699,42.56706237792969,0.9968085289001465,0.5889053344726562,0.0017908215522766113,0.027878275141119957
1059_0.87_0.7.png,train_core,42.12318801879883,0.9956287741661072,41.45976257324219,0.9984593391418457,-0.6634254455566406,0.0028305649757385254,0.02181856893002987
1060_0.94_1.09.png,train_core,40.465843200683594,0.9866975545883179,40.17193603515625,0.9966275095939636,-0.29390716552734375,0.009929955005645752,0.03570789471268654
1061_0.91_0.94.png,train_core,35.503170013427734,0.9919573068618774,36.47633361816406,0.9924577474594116,0.9731636047363281,0.0005004405975341797,0.014888226985931396
1062_0.58_1.51.png,train_core,34.54256820678711,0.9884148836135864,35.04704284667969,0.9892954230308533,0.5044746398925781,0.0008805394172668457,0.025963544845581055
1064_0.54_0.97.png,train_core,37.86164093017578,0.9957098960876465,38.64329147338867,0.9960924983024597,0.7816505432128906,0.0003826022148132324,0.02403084933757782
1065_0.84_1.48.png,train_core,40.082008361816406,0.9946035146713257,41.153526306152344,0.9948465824127197,1.0715179443359375,0.00024306774139404297,0.01772010326385498
1066_0.58_1.42.png,train_core,38.97704315185547,0.9959120750427246,40.142154693603516,0.9961392283439636,1.1651115417480469,0.00022715330123901367,0.01924598217010498
1067_0.62_1.35.png,train_core,39.57034683227539,0.9962007403373718,40.863121032714844,0.9964897036552429,1.2927742004394531,0.00028896331787109375,0.016884922981262207
1068_0.69_1.34.png,train_core,40.13697052001953,0.9960898160934448,41.536468505859375,0.9963220953941345,1.3994979858398438,0.00023227930068969727,0.020281195640563965
1070_0.79_1.57.png,train_core,34.46012878417969,0.9878884553909302,35.26978302001953,0.9887706637382507,0.8096542358398438,0.0008822083473205566,0.005140483379364014
1071_0.69_1.75.png,train_core,31.66425895690918,0.9838303923606873,32.42369842529297,0.9850708842277527,0.7594394683837891,0.0012404918670654297,0.0052190423011779785
1072_0.58_0.58.png,train_core,38.13915252685547,0.9959019422531128,38.95231246948242,0.9962457418441772,0.8131599426269531,0.0003437995910644531,0.005325436592102051
1073_0.51_0.98.png,train_core,39.438438415527344,0.9987523555755615,40.15394592285156,0.9987961649894714,0.7155075073242188,4.380941390991211e-05,0.017474770545959473
1077_0.94_0.84.png,train_core,40.85768127441406,0.9972068667411804,40.786163330078125,0.9972559213638306,-0.0715179443359375,4.9054622650146484e-05,0.024536386132240295
1078_0.96_0.54.png,train_core,43.19121551513672,0.9982726573944092,43.09529113769531,0.9983257055282593,-0.09592437744140625,5.3048133850097656e-05,0.022409014403820038
1079_0.77_1.21.png,train_core,39.7717170715332,0.996251106262207,39.964454650878906,0.9963377714157104,0.19273757934570312,8.666515350341797e-05,0.03278553485870361
107_0.77_1.67.png,train_core,34.2914924621582,0.9953268766403198,34.22270202636719,0.9952595233917236,-0.06879043579101562,-6.73532485961914e-05,0.01466822624206543
1081_0.66_1.5.png,train_core,32.387081146240234,0.994041383266449,33.343570709228516,0.9945077896118164,0.9564895629882812,0.00046640634536743164,0.025024890899658203
1082_0.94_0.87.png,train_core,33.75784683227539,0.9952839612960815,34.87868118286133,0.9955886602401733,1.1208343505859375,0.0003046989440917969,0.012365460395812988
1086_0.6_0.76.png,train_core,44.27601623535156,0.9991782903671265,44.40956497192383,0.9991852641105652,0.13354873657226562,6.973743438720703e-06,0.027606844902038574
1088_0.57_0.97.png,train_core,43.61103820800781,0.9989707469940186,43.64049530029297,0.9989782571792603,0.02945709228515625,7.510185241699219e-06,0.028297781944274902
1089_0.76_1.23.png,train_core,38.24099349975586,0.9963192343711853,38.803768157958984,0.9964362382888794,0.562774658203125,0.0001170039176940918,0.012158632278442383
108_0.96_0.98.png,train_core,31.495180130004883,0.9948986768722534,31.487638473510742,0.994809091091156,-0.007541656494140625,-8.958578109741211e-05,0.005299806594848633
1090_0.54_0.58.png,train_core,41.271392822265625,0.9981652498245239,41.80531311035156,0.9982551336288452,0.5339202880859375,8.988380432128906e-05,0.017353057861328125
1091_0.79_1.01.png,train_core,38.78443145751953,0.9970386028289795,39.349666595458984,0.9971365928649902,0.5652351379394531,9.799003601074219e-05,0.012708544731140137
1093_0.65_1.34.png,train_core,33.87595748901367,0.9966282844543457,34.07401657104492,0.9967401027679443,0.19805908203125,0.00011181831359863281,0.01931491494178772
1095_0.9_0.64.png,train_core,36.15757369995117,0.9983760118484497,36.601741790771484,0.9984232783317566,0.4441680908203125,4.7266483306884766e-05,0.017235014587640762
1097_0.85_1.71.png,train_core,26.51484489440918,0.9868390560150146,27.014551162719727,0.9877129793167114,0.4997062683105469,0.0008739233016967773,0.017980292439460754
1099_0.54_1.76.png,train_core,33.768802642822266,0.9950186610221863,34.57233810424805,0.9953092336654663,0.8035354614257812,0.0002905726432800293,0.027575969696044922
109_0.54_0.97.png,train_core,38.58659362792969,0.9983677864074707,37.69508743286133,0.9981836676597595,-0.8915061950683594,-0.00018411874771118164,0.03366720676422119
10_0.78_1.56.png,train_core,38.88148880004883,0.9978351593017578,39.926116943359375,0.9980661273002625,1.0446281433105469,0.00023096799850463867,0.02999969944357872
1104_0.89_1.59.png,train_core,25.451841354370117,0.9866365194320679,26.06616973876953,0.9876099824905396,0.6143283843994141,0.0009734630584716797,0.01713639497756958
1105_0.82_0.89.png,train_core,39.08951187133789,0.9984571933746338,39.931785583496094,0.9985227584838867,0.8422737121582031,6.556510925292969e-05,0.013899043202400208
1106_0.89_1.69.png,train_core,31.709598541259766,0.9945464134216309,32.28023147583008,0.9947429895401001,0.5706329345703125,0.00019657611846923828,0.051014386117458344
1107_0.98_1.25.png,train_core,31.83030891418457,0.9959411025047302,32.33686447143555,0.9960638880729675,0.5065555572509766,0.0001227855682373047,0.035139746963977814
1109_0.9_0.79.png,train_core,40.03106689453125,0.9984828233718872,40.70258712768555,0.9984745383262634,0.6715202331542969,-8.285045623779297e-06,0.018888767808675766
110_0.55_1.08.png,train_core,38.40121078491211,0.9984811544418335,37.461936950683594,0.998278021812439,-0.9392738342285156,-0.00020313262939453125,0.03377640247344971
1112_0.61_0.52.png,train_core,41.87837219238281,0.9992952346801758,42.71460723876953,0.9993103742599487,0.8362350463867188,1.5139579772949219e-05,0.018320798873901367
1113_0.9_0.52.png,train_core,44.63572692871094,0.9951128959655762,44.42890548706055,0.9949747920036316,-0.20682144165039062,-0.00013810396194458008,0.008315645158290863
1114_0.76_1.34.png,train_core,36.62291717529297,0.9888529181480408,37.250892639160156,0.9893078804016113,0.6279754638671875,0.00045496225357055664,0.01863129436969757
1115_0.58_1.94.png,train_core,34.017520904541016,0.9839381575584412,34.44364547729492,0.9852854609489441,0.42612457275390625,0.0013473033905029297,0.028874516487121582
1116_0.63_1.62.png,train_core,34.57466506958008,0.9872094392776489,34.97875213623047,0.9881640672683716,0.4040870666503906,0.0009546279907226562,0.02817666530609131
1118_0.66_1.66.png,train_core,33.832767486572266,0.9967800378799438,34.09599304199219,0.996888279914856,0.2632255554199219,0.00010824203491210938,0.002841264009475708
1119_0.62_1.98.png,train_core,33.90437316894531,0.9962608218193054,34.16438674926758,0.9963564276695251,0.2600135803222656,9.560585021972656e-05,0.0027227401733398438
111_0.57_1.22.png,train_core,38.60742950439453,0.9985207915306091,37.58335876464844,0.9983338713645935,-1.0240707397460938,-0.000186920166015625,0.035921335220336914
1120_0.78_1.11.png,train_core,34.73759841918945,0.9978429675102234,34.84110641479492,0.9979195594787598,0.10350799560546875,7.659196853637695e-05,0.011389486491680145
1121_0.88_0.92.png,train_core,38.2009162902832,0.9966715574264526,38.98434066772461,0.9967882037162781,0.7834243774414062,0.00011664628982543945,0.01795823872089386
1123_0.7_1.0.png,train_core,40.630157470703125,0.9976696968078613,41.03287124633789,0.997746467590332,0.4027137756347656,7.677078247070312e-05,0.025350332260131836
1124_0.74_1.17.png,train_core,39.12734603881836,0.9967465400695801,40.01030349731445,0.9968730807304382,0.8829574584960938,0.0001265406608581543,0.024047017097473145
1125_0.72_1.76.png,train_core,36.541954040527344,0.9957759380340576,37.1459846496582,0.9960036277770996,0.6040306091308594,0.0002276897430419922,0.03605496883392334
1126_0.73_0.82.png,train_core,40.21587371826172,0.9982087016105652,40.08763122558594,0.99821937084198,-0.12824249267578125,1.0669231414794922e-05,0.02329445257782936
1127_0.91_0.61.png,train_core,39.0645637512207,0.9978524446487427,38.375938415527344,0.9977279901504517,-0.6886253356933594,-0.00012445449829101562,0.023292139172554016
1129_0.92_1.33.png,train_core,37.976985931396484,0.9973955154418945,38.3761100769043,0.997430682182312,0.3991241455078125,3.516674041748047e-05,0.007625073194503784
112_0.8_1.78.png,train_core,34.03919219970703,0.9962314367294312,33.44333267211914,0.9960484504699707,-0.5958595275878906,-0.00018298625946044922,0.02528965473175049
1130_0.94_1.44.png,train_core,36.90753173828125,0.9969522953033447,37.38294982910156,0.9969984889030457,0.4754180908203125,4.6193599700927734e-05,0.0073583126068115234
1131_0.66_1.99.png,train_core,37.016822814941406,0.996803879737854,37.623531341552734,0.9968812465667725,0.6067085266113281,7.736682891845703e-05,0.011946797370910645
1132_0.75_0.84.png,train_core,44.95237731933594,0.998974084854126,44.44361877441406,0.9989578127861023,-0.508758544921875,-1.627206802368164e-05,0.007369518280029297
1135_0.55_1.74.png,train_core,36.90754318237305,0.996745765209198,36.79169464111328,0.9967513084411621,-0.11584854125976562,5.543231964111328e-06,0.0222051739692688
1136_0.96_0.74.png,train_core,35.30865478515625,0.996278703212738,35.00550079345703,0.9962981939315796,-0.30315399169921875,1.9490718841552734e-05,0.022138580679893494
1138_0.86_1.95.png,train_core,30.780630111694336,0.9921126365661621,31.418781280517578,0.9924358129501343,0.6381511688232422,0.00032317638397216797,0.00818181037902832
1139_0.58_1.05.png,train_core,39.83842849731445,0.9988743662834167,40.01932144165039,0.9988753795623779,0.1808929443359375,1.0132789611816406e-06,0.0020987987518310547
1140_0.67_1.42.png,train_core,35.48466110229492,0.9977940320968628,35.919654846191406,0.9978557825088501,0.4349937438964844,6.175041198730469e-05,0.002136528491973877
1141_0.93_1.87.png,train_core,38.15375518798828,0.9878007769584656,38.32051467895508,0.987806499004364,0.16675949096679688,5.7220458984375e-06,0.021193742752075195
1142_0.64_0.53.png,train_core,44.46680450439453,0.9977027773857117,44.69387435913086,0.9977493286132812,0.22706985473632812,4.655122756958008e-05,0.015858173370361328
1143_0.73_1.33.png,train_core,38.357261657714844,0.9928786754608154,39.532630920410156,0.9933223724365234,1.1753692626953125,0.0004436969757080078,0.023172378540039062
1144_0.87_1.96.png,train_core,37.5773811340332,0.9878665804862976,38.171810150146484,0.988085150718689,0.5944290161132812,0.00021857023239135742,0.027861714363098145
1145_0.9_1.2.png,train_core,34.376365661621094,0.9960435628890991,34.98365783691406,0.996195912361145,0.6072921752929688,0.00015234947204589844,0.0034705400466918945
1146_0.89_0.87.png,train_core,37.84316635131836,0.9975911974906921,38.338035583496094,0.9976531863212585,0.4948692321777344,6.198883056640625e-05,0.0029834508895874023
1147_0.56_1.1.png,train_core,34.27967834472656,0.996543288230896,34.42998504638672,0.9966362714767456,0.15030670166015625,9.298324584960938e-05,0.0021223127841949463
1148_0.78_0.59.png,train_core,39.799522399902344,0.9983048439025879,40.152565002441406,0.9983505010604858,0.3530426025390625,4.565715789794922e-05,0.0025107264518737793
1149_0.98_1.73.png,train_core,34.56031799316406,0.995851993560791,35.19191360473633,0.9958146810531616,0.6315956115722656,-3.731250762939453e-05,0.015616774559020996
1150_0.8_1.27.png,train_core,40.39360427856445,0.9981242418289185,40.73123550415039,0.9980583190917969,0.3376312255859375,-6.592273712158203e-05,0.015650510787963867
1151_0.92_1.56.png,train_core,36.9947395324707,0.997072160243988,38.10331726074219,0.9971264600753784,1.1085777282714844,5.429983139038086e-05,0.025332927703857422
1152_0.65_1.76.png,train_core,38.13679504394531,0.9970951080322266,38.77814865112305,0.9970834255218506,0.6413536071777344,-1.1682510375976562e-05,0.016232848167419434
1153_0.71_0.99.png,train_core,43.13288879394531,0.9980058670043945,44.21199035644531,0.9981725215911865,1.0791015625,0.0001666545867919922,0.01964437961578369
1154_0.96_0.62.png,train_core,44.19763946533203,0.9984173774719238,43.59811782836914,0.9984771609306335,-0.5995216369628906,5.97834587097168e-05,0.011374235153198242
1155_0.63_1.27.png,train_core,40.34438705444336,0.9968478083610535,41.064613342285156,0.9971033930778503,0.7202262878417969,0.000255584716796875,0.02142930030822754
1156_0.91_1.37.png,train_core,38.92482376098633,0.9964603185653687,39.42245864868164,0.9966394305229187,0.4976348876953125,0.00017911195755004883,0.015955805778503418
1158_0.86_1.65.png,train_core,32.24124526977539,0.996670126914978,32.79090881347656,0.9967859983444214,0.5496635437011719,0.00011587142944335938,0.029024455696344376
1159_0.84_1.51.png,train_core,33.26285934448242,0.9973828196525574,33.86430358886719,0.9974794387817383,0.6014442443847656,9.66191291809082e-05,0.026991337537765503
115_0.86_1.29.png,train_core,33.77693557739258,0.9942101240158081,33.7568244934082,0.9943467974662781,-0.020111083984375,0.0001366734504699707,0.004625797271728516
1160_0.83_0.65.png,train_core,41.33465576171875,0.9993143081665039,42.47941970825195,0.9993373155593872,1.1447639465332031,2.300739288330078e-05,0.014098748564720154
1162_0.65_1.7.png,train_core,38.18867492675781,0.9918004870414734,38.28753662109375,0.9930950999259949,0.0988616943359375,0.0012946128845214844,0.010673344135284424
1163_0.95_1.89.png,train_core,34.35687255859375,0.9819591045379639,35.243614196777344,0.9838519096374512,0.8867416381835938,0.0018928050994873047,0.01613062620162964
1164_0.79_1.96.png,train_core,36.1491813659668,0.9863206148147583,36.479042053222656,0.9879773855209351,0.3298606872558594,0.0016567707061767578,0.019868016242980957
1167_0.95_0.68.png,train_core,35.82524871826172,0.9972512722015381,36.03255844116211,0.9972925186157227,0.20730972290039062,4.124641418457031e-05,0.0038418173789978027
1168_0.56_0.69.png,train_core,38.895469665527344,0.9984445571899414,39.06124496459961,0.9984390735626221,0.16577529907226562,-5.4836273193359375e-06,0.01435089111328125
116_0.64_1.08.png,train_core,36.548152923583984,0.9957302808761597,36.615478515625,0.9958990812301636,0.06732559204101562,0.00016880035400390625,0.003265470266342163
1170_0.71_1.78.png,train_core,33.9494743347168,0.9574450254440308,34.61012268066406,0.9607565402984619,0.6606483459472656,0.0033115148544311523,0.02595365047454834
1171_0.64_1.87.png,train_core,33.34541702270508,0.9548500776290894,33.97698211669922,0.9582589864730835,0.6315650939941406,0.0034089088439941406,0.03357994556427002
1172_0.76_1.83.png,train_core,33.23793029785156,0.950840950012207,33.86686325073242,0.9540554881095886,0.6289329528808594,0.003214538097381592,0.027695000171661377
1173_0.59_1.12.png,train_core,39.86546325683594,0.9974240660667419,40.19009017944336,0.9976109266281128,0.3246269226074219,0.0001868605613708496,0.030849814414978027
1175_0.53_1.99.png,train_core,36.03603744506836,0.9934091567993164,36.6174430847168,0.993775486946106,0.5814056396484375,0.0003663301467895508,0.03869962692260742
1176_0.65_1.07.png,train_core,38.41376876831055,0.9972957968711853,38.53347396850586,0.9974727034568787,0.1197052001953125,0.00017690658569335938,0.024297237396240234
1178_0.68_0.85.png,train_core,37.37311553955078,0.9981433749198914,38.31172561645508,0.9981805682182312,0.9386100769042969,3.719329833984375e-05,0.015845417976379395
117_0.56_1.2.png,train_core,37.23344421386719,0.9966599345207214,36.66041564941406,0.9965316653251648,-0.573028564453125,-0.00012826919555664062,0.009105861186981201
1180_0.68_0.5.png,train_core,41.17210388183594,0.9987723231315613,42.204376220703125,0.998778223991394,1.0322723388671875,5.900859832763672e-06,0.016701102256774902
1181_0.57_1.2.png,train_core,43.37132263183594,0.9983654022216797,43.07948303222656,0.9983952045440674,-0.291839599609375,2.9802322387695312e-05,0.019993504509329796
1182_0.63_1.77.png,train_core,38.45429229736328,0.9960670471191406,38.86861038208008,0.9962137937545776,0.4143180847167969,0.00014674663543701172,0.030977368354797363
1184_0.56_0.9.png,train_core,43.530330657958984,0.9988157153129578,43.74754333496094,0.998874843120575,0.21721267700195312,5.91278076171875e-05,0.01849597506225109
1185_0.94_1.35.png,train_core,39.93061828613281,0.9988809823989868,39.13383865356445,0.9988592863082886,-0.7967796325683594,-2.1696090698242188e-05,0.03080638498067856
1186_0.53_1.08.png,train_core,35.467411041259766,0.9988390207290649,35.65058135986328,0.9988536834716797,0.18317031860351562,1.4662742614746094e-05,0.021525144577026367
1187_0.82_1.57.png,train_core,40.11311340332031,0.998654842376709,40.02354049682617,0.9986556768417358,-0.08957290649414062,8.344650268554688e-07,0.028859995305538177
1188_0.95_1.95.png,train_core,38.91704177856445,0.9973622560501099,39.70560073852539,0.997417151927948,0.7885589599609375,5.4895877838134766e-05,0.045302506536245346
1189_0.64_0.88.png,train_core,40.065948486328125,0.998498797416687,40.404109954833984,0.9985380172729492,0.3381614685058594,3.921985626220703e-05,0.01452946662902832
118_0.72_0.71.png,train_core,40.05804443359375,0.997794508934021,39.712528228759766,0.9977694749832153,-0.3455162048339844,-2.5033950805664062e-05,0.00625031441450119
1190_0.56_1.66.png,train_core,35.30643081665039,0.9959105253219604,35.552181243896484,0.9959932565689087,0.24575042724609375,8.273124694824219e-05,0.03007030487060547
1191_0.97_0.75.png,train_core,40.6561279296875,0.9987892508506775,41.22441101074219,0.9988243579864502,0.5682830810546875,3.510713577270508e-05,0.008584849536418915
1192_0.85_0.98.png,train_core,39.12270736694336,0.9983974695205688,39.61745834350586,0.9984527826309204,0.4947509765625,5.53131103515625e-05,0.008411049842834473
1193_0.97_1.06.png,train_core,39.397552490234375,0.9976485967636108,40.103065490722656,0.9977253675460815,0.7055130004882812,7.677078247070312e-05,0.009234026074409485
1195_0.65_1.61.png,train_core,36.59796905517578,0.9968791007995605,37.067901611328125,0.9969757795333862,0.46993255615234375,9.66787338256836e-05,0.00783383846282959
1198_0.93_1.56.png,train_core,25.86420249938965,0.9893798232078552,26.53458023071289,0.9901801347732544,0.6703777313232422,0.0008003115653991699,0.01626640558242798
119_0.6_1.7.png,train_core,33.88690185546875,0.9933072924613953,33.412925720214844,0.9932944178581238,-0.47397613525390625,-1.2874603271484375e-05,0.009782969951629639
11_0.68_1.56.png,train_core,37.36711883544922,0.997797966003418,38.407081604003906,0.9981542825698853,1.0399627685546875,0.00035631656646728516,0.02737259864807129
1202_0.79_1.51.png,train_core,38.23151779174805,0.9963673949241638,39.171207427978516,0.9968608617782593,0.9396896362304688,0.000493466854095459,0.02879488468170166
1203_0.79_1.82.png,train_core,35.77082061767578,0.9940277934074402,36.66777801513672,0.9948081970214844,0.8969573974609375,0.0007804036140441895,0.03657674789428711
1204_0.79_1.15.png,train_core,39.591590881347656,0.9973825216293335,40.46432876586914,0.9977266192436218,0.8727378845214844,0.0003440976142883301,0.024674654006958008
1205_0.78_1.01.png,train_core,40.107269287109375,0.9987120628356934,40.48893356323242,0.9987208843231201,0.3816642761230469,8.821487426757812e-06,0.016914725303649902
1206_0.81_1.09.png,train_core,39.18656921386719,0.9984518885612488,39.574737548828125,0.9984542727470398,0.3881683349609375,2.384185791015625e-06,0.018130898475646973
1207_0.7_1.43.png,train_core,38.67304992675781,0.9980728626251221,38.95185852050781,0.9980759620666504,0.27880859375,3.0994415283203125e-06,0.02577434480190277
1208_0.63_0.83.png,train_core,41.22471237182617,0.9990099668502808,41.088783264160156,0.9989861249923706,-0.13592910766601562,-2.384185791015625e-05,0.02158057689666748
120_0.92_1.44.png,train_core,32.847564697265625,0.9891077876091003,32.77003479003906,0.9895437955856323,-0.0775299072265625,0.0004360079765319824,0.004792511463165283
1211_0.88_1.93.png,train_core,29.742691040039062,0.9928779602050781,30.59515380859375,0.9934200048446655,0.8524627685546875,0.0005420446395874023,0.02185988426208496
1213_0.56_1.24.png,train_core,33.18659973144531,0.9970138072967529,33.37977981567383,0.997211217880249,0.19318008422851562,0.00019741058349609375,0.003185659646987915
1215_0.9_0.73.png,train_core,39.0738525390625,0.9981374740600586,40.23247146606445,0.9982680082321167,1.1586189270019531,0.00013053417205810547,0.0036082863807678223
1216_0.65_1.09.png,train_core,32.95298767089844,0.9972308874130249,32.93561935424805,0.9974002838134766,-0.017368316650390625,0.00016939640045166016,0.0034758150577545166
1218_0.62_2.0.png,train_core,30.868318557739258,0.9884135127067566,31.643165588378906,0.9890174269676208,0.7748470306396484,0.0006039142608642578,0.007912680506706238
1219_0.76_1.2.png,train_core,33.37116622924805,0.9946523904800415,34.17594528198242,0.9950074553489685,0.804779052734375,0.00035506486892700195,0.009052149951457977
121_0.96_0.85.png,train_core,37.89337158203125,0.9978821277618408,39.176116943359375,0.9979947805404663,1.282745361328125,0.00011265277862548828,0.01059083454310894
1220_0.82_1.9.png,train_core,31.075647354125977,0.9884931445121765,31.87656021118164,0.9889914989471436,0.8009128570556641,0.000498354434967041,0.011154815554618835
1221_0.76_0.69.png,train_core,39.41428756713867,0.9989126920700073,38.398773193359375,0.9988025426864624,-1.0155143737792969,-0.00011014938354492188,0.0071021318435668945
1222_0.92_1.14.png,train_core,39.14023971557617,0.9977890849113464,37.900856018066406,0.9976557493209839,-1.2393836975097656,-0.00013333559036254883,0.013369232416152954
1224_0.87_0.77.png,train_core,40.166282653808594,0.998811662197113,38.907344818115234,0.9987155795097351,-1.2589378356933594,-9.608268737792969e-05,0.00916963815689087
1225_0.98_0.8.png,train_core,40.421852111816406,0.9981875419616699,41.14250564575195,0.9982981085777283,0.7206535339355469,0.00011056661605834961,0.0037036240100860596
1226_0.82_0.78.png,train_core,37.41977310180664,0.9980792999267578,37.72239303588867,0.9982179999351501,0.30261993408203125,0.00013870000839233398,0.0032691657543182373
1227_0.9_1.41.png,train_core,36.69629669189453,0.9965263605117798,37.5885009765625,0.9967803955078125,0.8922042846679688,0.00025403499603271484,0.004699766635894775
1229_0.6_0.6.png,train_core,38.94429016113281,0.9982045888900757,39.39597702026367,0.9982556700706482,0.4516868591308594,5.1081180572509766e-05,0.0025586485862731934
1230_0.55_1.4.png,train_core,29.766387939453125,0.9960006475448608,29.771528244018555,0.9960875511169434,0.0051403045654296875,8.690357208251953e-05,0.009465895593166351
1231_0.98_1.26.png,train_core,36.411136627197266,0.9965702891349792,36.62919998168945,0.9966093897819519,0.2180633544921875,3.910064697265625e-05,0.012955925427377224
1232_0.77_0.99.png,train_core,36.072689056396484,0.9977093935012817,36.89657974243164,0.9978157877922058,0.8238906860351562,0.00010639429092407227,0.002996206283569336
1234_0.51_1.28.png,train_core,35.12118911743164,0.9962390661239624,35.253211975097656,0.9964644312858582,0.13202285766601562,0.00022536516189575195,0.01665705256164074
1236_0.84_1.0.png,train_core,38.500526428222656,0.9969581961631775,38.04985427856445,0.9968411326408386,-0.4506721496582031,-0.00011706352233886719,0.016109660267829895
1238_0.86_1.03.png,train_core,42.11512756347656,0.9984642267227173,42.2874870300293,0.9984740614891052,0.17235946655273438,9.834766387939453e-06,0.013851404190063477
1240_0.64_0.5.png,train_core,43.871299743652344,0.9993382692337036,43.32380294799805,0.9993128776550293,-0.5474967956542969,-2.5391578674316406e-05,0.01772606372833252
1241_0.63_0.93.png,train_core,40.36836624145508,0.9978248476982117,40.78433609008789,0.9978906512260437,0.4159698486328125,6.580352783203125e-05,0.02212059497833252
1242_0.99_0.57.png,train_core,40.766910552978516,0.9979623556137085,39.97726058959961,0.9979124069213867,-0.7896499633789062,-4.9948692321777344e-05,0.006343960762023926
1243_0.64_1.03.png,train_core,38.7498664855957,0.9973210096359253,39.23408126831055,0.9974159002304077,0.48421478271484375,9.489059448242188e-05,0.02407848834991455
1244_0.95_1.91.png,train_core,33.36618423461914,0.9867164492607117,33.801448822021484,0.9870433807373047,0.43526458740234375,0.0003269314765930176,0.02945462241768837
1245_0.57_1.62.png,train_core,34.86363220214844,0.995243489742279,34.893829345703125,0.9953324198722839,0.0301971435546875,8.893013000488281e-05,0.01759207248687744
1248_0.97_1.88.png,train_core,30.094430923461914,0.9859897494316101,30.02012062072754,0.9861019849777222,-0.074310302734375,0.00011223554611206055,0.012590914964675903
124_0.79_1.89.png,train_core,29.296903610229492,0.992717981338501,29.731569290161133,0.992975115776062,0.4346656799316406,0.00025713443756103516,0.0318295955657959
1250_0.57_0.61.png,train_core,32.591957092285156,0.998284101486206,33.27603530883789,0.998415470123291,0.6840782165527344,0.00013136863708496094,0.021317481994628906
1252_0.78_0.78.png,train_core,30.548660278320312,0.9972602725028992,31.33131217956543,0.99749755859375,0.7826519012451172,0.00023728609085083008,0.021702099591493607
1253_0.91_1.15.png,train_core,39.74378204345703,0.9893143177032471,39.84902572631836,0.9898778796195984,0.10524368286132812,0.0005635619163513184,0.015639305114746094
1254_0.97_1.31.png,train_core,38.618446350097656,0.9872194528579712,39.33538818359375,0.9880121946334839,0.7169418334960938,0.0007927417755126953,0.020623445510864258
1255_0.65_1.08.png,train_core,42.121620178222656,0.9930223226547241,41.79826354980469,0.9932613372802734,-0.32335662841796875,0.0002390146255493164,0.020163655281066895
1256_0.66_0.52.png,train_core,46.67148971557617,0.9974328875541687,45.7630615234375,0.9973938465118408,-0.9084281921386719,-3.904104232788086e-05,0.01746988296508789
1258_0.83_1.3.png,train_core,29.104358673095703,0.9933896064758301,30.055103302001953,0.9940818548202515,0.95074462890625,0.0006922483444213867,0.021646976470947266
1259_0.98_0.87.png,train_core,30.397844314575195,0.9946707487106323,31.434480667114258,0.9952793121337891,1.0366363525390625,0.0006085634231567383,0.01914646103978157
125_0.77_0.94.png,train_core,31.14374351501465,0.995775580406189,31.049114227294922,0.9957966208457947,-0.09462928771972656,2.104043960571289e-05,0.013913750648498535
1263_0.9_1.41.png,train_core,33.68553924560547,0.9954420924186707,34.250526428222656,0.9955883026123047,0.5649871826171875,0.0001462101936340332,0.004078030586242676
1264_0.84_1.05.png,train_core,36.04945755004883,0.9973865747451782,36.654335021972656,0.9974801540374756,0.6048774719238281,9.357929229736328e-05,0.0034185051918029785
1265_0.62_1.32.png,train_core,39.972110748291016,0.9972109794616699,40.45774841308594,0.9972958564758301,0.4856376647949219,8.487701416015625e-05,0.027313753962516785
1268_0.82_1.47.png,train_core,36.459373474121094,0.9962045550346375,37.33927536010742,0.9963828921318054,0.8799018859863281,0.00017833709716796875,0.029666855931282043
1269_0.51_1.67.png,train_core,33.50811767578125,0.9947037696838379,33.93810272216797,0.9949613809585571,0.42998504638671875,0.0002576112747192383,0.02572774887084961
1270_0.74_1.52.png,train_core,35.3316650390625,0.9945181608200073,35.87442398071289,0.9948092699050903,0.5427589416503906,0.0002911090850830078,0.0183103084564209
1271_0.65_1.66.png,train_core,34.470603942871094,0.9941369891166687,34.963600158691406,0.9944497346878052,0.4929962158203125,0.0003127455711364746,0.03178906440734863
1272_0.62_0.57.png,train_core,40.69206237792969,0.9985960721969604,40.86676025390625,0.9986526370048523,0.1746978759765625,5.65648078918457e-05,0.006436824798583984
1273_0.96_1.43.png,train_core,28.539350509643555,0.9939764738082886,29.05615234375,0.9942859411239624,0.5168018341064453,0.0003094673156738281,0.017970792949199677
1274_0.59_0.67.png,train_core,36.618011474609375,0.9989306926727295,37.19741439819336,0.9990233182907104,0.5794029235839844,9.262561798095703e-05,0.03164172172546387
1276_0.95_0.5.png,train_core,34.5671501159668,0.9987062215805054,35.26662063598633,0.9988081455230713,0.6994705200195312,0.00010192394256591797,0.016644764691591263
1277_0.79_1.18.png,train_core,40.30185317993164,0.9971603751182556,40.208072662353516,0.9971988201141357,-0.093780517578125,3.844499588012695e-05,0.02154196798801422
1278_0.81_1.62.png,train_core,37.34242630004883,0.9945621490478516,37.37608337402344,0.9946755766868591,0.033657073974609375,0.00011342763900756836,0.019117414951324463
1279_0.87_0.95.png,train_core,40.7984619140625,0.9975969195365906,40.40376663208008,0.9975447058677673,-0.3946952819824219,-5.221366882324219e-05,0.025478005409240723
1280_0.67_0.76.png,train_core,43.80241775512695,0.9988187551498413,43.728858947753906,0.9988116025924683,-0.07355880737304688,-7.152557373046875e-06,0.023283161222934723
1281_0.89_0.85.png,train_core,34.66550064086914,0.9978865385055542,35.276798248291016,0.997954785823822,0.611297607421875,6.824731826782227e-05,0.004233837127685547
1284_0.58_1.58.png,train_core,32.44124984741211,0.9961800575256348,32.5377311706543,0.9962314963340759,0.0964813232421875,5.143880844116211e-05,0.0028922855854034424
1285_0.53_1.47.png,train_core,31.506702423095703,0.9948862791061401,31.813865661621094,0.995079755783081,0.3071632385253906,0.00019347667694091797,0.008688211441040039
1286_0.98_0.99.png,train_core,36.50743865966797,0.9940614104270935,36.74201583862305,0.9943410158157349,0.23457717895507812,0.0002796053886413574,0.006357908248901367
1288_0.95_1.97.png,train_core,31.967029571533203,0.9866418838500977,31.922622680664062,0.9871198534965515,-0.044406890869140625,0.0004779696464538574,0.0047394633293151855
1289_1.0_1.69.png,train_core,30.357694625854492,0.9925253391265869,31.529850006103516,0.9929332733154297,1.1721553802490234,0.00040793418884277344,0.03473609685897827
128_0.54_0.89.png,train_core,35.1200065612793,0.9967495799064636,34.98411178588867,0.996761679649353,-0.135894775390625,1.2099742889404297e-05,0.024652838706970215
1292_0.66_1.45.png,train_core,36.75630187988281,0.997093677520752,37.70726776123047,0.9972105026245117,0.9509658813476562,0.00011682510375976562,0.018907666206359863
1293_0.79_0.72.png,train_core,34.45942306518555,0.9980263113975525,35.206748962402344,0.9981476068496704,0.7473258972167969,0.00012129545211791992,0.0072984881699085236
1294_0.51_1.96.png,train_core,35.50743103027344,0.9957301616668701,35.88621139526367,0.9957669973373413,0.3787803649902344,3.6835670471191406e-05,0.026452183723449707
1297_0.99_0.69.png,train_core,44.6613883972168,0.9981867671012878,45.15052795410156,0.9983232021331787,0.4891395568847656,0.00013643503189086914,0.020074602216482162
1298_0.52_1.3.png,train_core,38.401123046875,0.9965707063674927,39.27449035644531,0.9971083402633667,0.8733673095703125,0.0005376338958740234,0.071402907371521
129_0.95_1.3.png,train_core,38.0033073425293,0.9971038103103638,38.381229400634766,0.997109591960907,0.37792205810546875,5.781650543212891e-06,0.01599837839603424
12_0.9_1.75.png,train_core,37.878021240234375,0.9971643686294556,38.878028869628906,0.9974465370178223,1.0000076293945312,0.0002821683883666992,0.03149658069014549
1302_0.53_1.14.png,train_core,35.263126373291016,0.9965493679046631,36.0340576171875,0.9967820644378662,0.7709312438964844,0.000232696533203125,0.003908693790435791
1303_0.7_0.67.png,train_core,41.754337310791016,0.998616099357605,42.7904167175293,0.9986605048179626,1.0360794067382812,4.4405460357666016e-05,0.0037064552307128906
1304_0.85_1.18.png,train_core,35.281185150146484,0.9970352053642273,36.24388122558594,0.9972538352012634,0.9626960754394531,0.0002186298370361328,0.004905998706817627
1305_1.0_1.54.png,train_core,31.860979080200195,0.9933757185935974,32.6961669921875,0.9938647150993347,0.8351879119873047,0.0004889965057373047,0.007189035415649414
1307_0.92_1.87.png,train_core,35.05518341064453,0.9928205013275146,35.70348358154297,0.9932126998901367,0.6483001708984375,0.0003921985626220703,0.005002319812774658
1308_0.84_1.04.png,train_core,35.422271728515625,0.9964314699172974,35.85542678833008,0.9966739416122437,0.4331550598144531,0.00024247169494628906,0.006257249973714352
1309_0.83_1.35.png,train_core,35.791748046875,0.9933590888977051,35.82929611206055,0.9936091303825378,0.037548065185546875,0.00025004148483276367,0.006668686866760254
130_0.78_0.91.png,train_core,42.128639221191406,0.9988623857498169,42.60931396484375,0.9988829493522644,0.48067474365234375,2.0563602447509766e-05,0.012489914894104004
1310_0.53_1.28.png,train_core,39.200164794921875,0.9972044229507446,39.69464874267578,0.9973045587539673,0.49448394775390625,0.00010013580322265625,0.03400111198425293
1312_0.62_0.6.png,train_core,40.792091369628906,0.9985947608947754,41.375587463378906,0.9986081123352051,0.58349609375,1.33514404296875e-05,0.016842007637023926
1314_0.66_0.77.png,train_core,40.665733337402344,0.9970061779022217,41.47846603393555,0.9972310066223145,0.8127326965332031,0.00022482872009277344,0.006897330284118652
1315_0.52_1.19.png,train_core,38.27716827392578,0.9963055849075317,38.95840072631836,0.9966492056846619,0.6812324523925781,0.00034362077713012695,0.013814330101013184
1316_0.85_1.62.png,train_core,37.046634674072266,0.9916309714317322,37.668792724609375,0.9921852350234985,0.6221580505371094,0.0005542635917663574,0.011990547180175781
1318_0.83_1.33.png,train_core,36.752685546875,0.9963439702987671,36.369178771972656,0.9963070750236511,-0.38350677490234375,-3.68952751159668e-05,0.02923797070980072
1319_0.88_1.19.png,train_core,37.060707092285156,0.996684193611145,36.55592346191406,0.9966347217559814,-0.5047836303710938,-4.947185516357422e-05,0.04100137948989868
131_0.69_1.1.png,train_core,40.02042770385742,0.998408317565918,40.525569915771484,0.9984450340270996,0.5051422119140625,3.6716461181640625e-05,0.017555832862854004
1320_0.7_0.99.png,train_core,37.8370246887207,0.9977092742919922,37.527565002441406,0.9976598620414734,-0.3094596862792969,-4.941225051879883e-05,0.025523290038108826
1321_0.95_0.81.png,train_core,37.888702392578125,0.9974203109741211,38.39064025878906,0.9976202845573425,0.5019378662109375,0.00019997358322143555,0.014414040371775627
1323_0.89_0.88.png,train_core,37.61425018310547,0.9974701404571533,38.06632614135742,0.9976668357849121,0.4520759582519531,0.00019669532775878906,0.011508317664265633
1324_0.55_1.43.png,train_core,36.88969039916992,0.9967397451400757,37.33755874633789,0.9969503879547119,0.44786834716796875,0.00021064281463623047,0.007348537445068359
1012_0.85_1.28.png,val,38.41431427001953,0.9647197127342224,38.584716796875,0.9673592448234558,0.17040252685546875,0.0026395320892333984,0.02076050639152527
1016_0.8_1.72.png,val,39.61286163330078,0.9955519437789917,39.49662399291992,0.9953230619430542,-0.11623764038085938,-0.0002288818359375,0.019170761108398438
1023_0.5_1.87.png,val,37.46149444580078,0.9967917203903198,37.916099548339844,0.9969457387924194,0.4546051025390625,0.00015401840209960938,0.03283032774925232
1031_0.76_0.7.png,val,42.83445358276367,0.99848473072052,42.17805480957031,0.9985222816467285,-0.6563987731933594,3.7550926208496094e-05,0.017463713884353638
1035_0.76_1.14.png,val,33.746826171875,0.9929184913635254,34.96879959106445,0.993493914604187,1.2219734191894531,0.0005754232406616211,0.023675203323364258
1037_0.89_0.54.png,val,35.944435119628906,0.9982537031173706,35.68675231933594,0.9982141852378845,-0.25768280029296875,-3.9517879486083984e-05,0.004036836326122284
1039_0.79_1.79.png,val,32.14397430419922,0.9955849051475525,31.985336303710938,0.9954919219017029,-0.15863800048828125,-9.298324584960938e-05,0.006431698799133301
1063_0.51_1.61.png,val,34.0552864074707,0.9881882667541504,34.543235778808594,0.9891529083251953,0.4879493713378906,0.0009646415710449219,0.03433191776275635
1076_0.71_1.18.png,val,35.237770080566406,0.9977822303771973,35.9039192199707,0.997835636138916,0.6661491394042969,5.340576171875e-05,0.017201900482177734
1080_0.59_1.22.png,val,40.86412048339844,0.9971354007720947,41.40394592285156,0.997316300868988,0.539825439453125,0.00018090009689331055,0.03427529335021973
1085_0.71_1.3.png,val,40.45887756347656,0.9976656436920166,40.54560852050781,0.9976808428764343,0.08673095703125,1.519918441772461e-05,0.02860844135284424
1087_0.68_1.22.png,val,41.442237854003906,0.9981285929679871,41.53472900390625,0.9981422424316406,0.09249114990234375,1.3649463653564453e-05,0.028016209602355957
1100_0.58_1.95.png,val,31.112680435180664,0.9931523203849792,31.861324310302734,0.9936119318008423,0.7486438751220703,0.0004596114158630371,0.024871826171875
1102_0.65_0.94.png,val,29.722049713134766,0.9940279722213745,30.323087692260742,0.9945194125175476,0.6010379791259766,0.0004914402961730957,0.027004122734069824
1110_0.92_0.77.png,val,39.92817306518555,0.9984459280967712,40.53050231933594,0.9984331130981445,0.6023292541503906,-1.2814998626708984e-05,0.01948479562997818
1122_0.94_0.53.png,val,40.92900848388672,0.9982873201370239,41.48719024658203,0.9983062744140625,0.5581817626953125,1.895427703857422e-05,0.016823872923851013
1128_0.8_1.45.png,val,37.485660552978516,0.996299684047699,37.77439498901367,0.9963734149932861,0.28873443603515625,7.37309455871582e-05,0.021811842918395996
1133_0.68_1.41.png,val,32.858558654785156,0.9952945113182068,32.60890579223633,0.9951981902122498,-0.24965286254882812,-9.632110595703125e-05,0.02295506000518799
1134_0.69_1.2.png,val,32.35816955566406,0.99577397108078,32.094913482666016,0.9956487417221069,-0.2632560729980469,-0.0001252293586730957,0.019846022129058838
114_0.75_1.45.png,val,33.99034881591797,0.9939260482788086,34.106292724609375,0.9941684007644653,0.11594390869140625,0.00024235248565673828,0.004639655351638794
1157_0.56_1.98.png,val,39.58294677734375,0.9974612593650818,39.998207092285156,0.9975013732910156,0.41526031494140625,4.011392593383789e-05,0.05069911479949951
1177_0.71_1.64.png,val,34.68379592895508,0.9957431554794312,35.312381744384766,0.9958382844924927,0.6285858154296875,9.512901306152344e-05,0.010907888412475586
1183_0.84_1.24.png,val,34.04589080810547,0.9965027570724487,35.11677169799805,0.9968191981315613,1.0708808898925781,0.00031644105911254883,0.01960158348083496
1200_0.97_0.52.png,val,31.893531799316406,0.9975616335868835,32.82672119140625,0.9978443384170532,0.9331893920898438,0.00028270483016967773,0.01477290689945221
1212_0.8_1.74.png,val,30.249603271484375,0.9950138330459595,31.057903289794922,0.9954711198806763,0.8083000183105469,0.0004572868347167969,0.03714132308959961
1233_0.54_0.63.png,val,37.336830139160156,0.9981050491333008,37.075836181640625,0.9980441927909851,-0.26099395751953125,-6.085634231567383e-05,0.012466199696063995
1246_0.62_2.0.png,val,33.356136322021484,0.993172287940979,33.43837356567383,0.9933449029922485,0.08223724365234375,0.00017261505126953125,0.022348880767822266
1266_0.96_1.34.png,val,35.37687683105469,0.9956516623497009,36.42001724243164,0.9958730936050415,1.0431404113769531,0.00022143125534057617,0.028259143233299255
126_0.75_1.47.png,val,28.262712478637695,0.9916788339614868,28.112716674804688,0.9915749430656433,-0.1499958038330078,-0.00010389089584350586,0.022174954414367676
1282_0.62_0.6.png,val,32.4411506652832,0.9982718229293823,32.679683685302734,0.998321533203125,0.23853302001953125,4.971027374267578e-05,0.0022354722023010254
1290_0.95_1.76.png,val,32.73866271972656,0.9931913614273071,34.03714370727539,0.9935098886489868,1.2984809875488281,0.0003185272216796875,0.032384276390075684
1291_0.62_0.59.png,val,40.37092590332031,0.9990457892417908,41.37569808959961,0.9990794658660889,1.0047721862792969,3.36766242980957e-05,0.022472500801086426
1299_0.83_1.21.png,val,41.22010040283203,0.9969713687896729,42.74530029296875,0.9974405765533447,1.5251998901367188,0.000469207763671875,0.0335390567779541
1300_0.92_1.03.png,val,43.76705551147461,0.9975370168685913,44.02000045776367,0.9978537559509277,0.2529449462890625,0.0003167390823364258,0.022164158523082733
1313_0.75_1.8.png,val,36.15227127075195,0.9914888739585876,36.857940673828125,0.9921296834945679,0.7056694030761719,0.0006408095359802246,0.01444542407989502
1317_0.53_1.87.png,val,29.31026268005371,0.991305947303772,29.340036392211914,0.9912125468254089,0.029773712158203125,-9.340047836303711e-05,0.03778335452079773
1333_0.79_1.62.png,val,33.56443786621094,0.9950178861618042,33.1063232421875,0.9948036074638367,-0.4581146240234375,-0.0002142786979675293,0.04584848880767822
1334_0.64_1.51.png,val,36.25510787963867,0.9967682361602783,35.82846450805664,0.9966917037963867,-0.42664337158203125,-7.653236389160156e-05,0.032462239265441895
1376_0.65_1.6.png,val,40.22069549560547,0.9945105910301208,40.627830505371094,0.9960060119628906,0.407135009765625,0.0014954209327697754,0.027027368545532227
1390_0.57_1.23.png,val,37.17289733886719,0.9973490238189697,37.40219497680664,0.9973715543746948,0.22929763793945312,2.2530555725097656e-05,0.01114189624786377
1397_0.94_0.79.png,val,36.07333755493164,0.9973644018173218,37.171356201171875,0.9975297451019287,1.0980186462402344,0.0001653432846069336,0.0076627954840660095
1413_0.65_1.47.png,val,40.02935791015625,0.9981329441070557,39.36270523071289,0.9980758428573608,-0.6666526794433594,-5.710124969482422e-05,0.023531511425971985
1416_0.95_1.15.png,val,39.354286193847656,0.9975528120994568,39.79182434082031,0.9977189898490906,0.43753814697265625,0.00016617774963378906,0.02360422909259796
1419_0.62_1.04.png,val,37.91752624511719,0.9978004693984985,37.997764587402344,0.9978489279747009,0.08023834228515625,4.845857620239258e-05,0.016054391860961914
1432_0.91_1.29.png,val,32.592288970947266,0.9951907992362976,33.257911682128906,0.9955167770385742,0.6656227111816406,0.00032597780227661133,0.0043964385986328125
1435_0.87_0.57.png,val,43.403011322021484,0.9970235824584961,43.01359558105469,0.9971844553947449,-0.3894157409667969,0.0001608729362487793,0.05119676887989044
1456_0.66_1.83.png,val,33.7647590637207,0.995869517326355,33.38132858276367,0.9957927465438843,-0.38343048095703125,-7.677078247070312e-05,0.004256546497344971
1461_0.59_0.54.png,val,37.49542999267578,0.9987146258354187,37.15774154663086,0.9986605644226074,-0.3376884460449219,-5.40614128112793e-05,0.010733000934123993
1467_0.61_1.24.png,val,40.423423767089844,0.9966234564781189,39.82142639160156,0.9965113401412964,-0.6019973754882812,-0.00011211633682250977,0.03808606415987015
1474_0.92_0.89.png,val,30.84561538696289,0.9950827956199646,31.530071258544922,0.9953670501708984,0.6844558715820312,0.0002842545509338379,0.006807804107666016
1480_0.96_1.38.png,val,30.895841598510742,0.9845697283744812,31.376779556274414,0.9859129786491394,0.4809379577636719,0.0013432502746582031,0.017054244875907898
1491_0.88_1.85.png,val,33.603580474853516,0.9803575873374939,33.6661376953125,0.9807475805282593,0.06255722045898438,0.00038999319076538086,0.028343617916107178
1500_0.87_1.88.png,val,34.133277893066406,0.9912440180778503,34.82001495361328,0.991570234298706,0.686737060546875,0.0003262162208557129,0.03286898136138916
1502_0.65_1.08.png,val,41.97490692138672,0.9977187514305115,42.67615509033203,0.9978117346763611,0.7012481689453125,9.298324584960938e-05,0.01847148686647415
1528_0.91_1.9.png,val,33.68292236328125,0.9911083579063416,34.17082214355469,0.9912747144699097,0.4878997802734375,0.00016635656356811523,0.028825044631958008
1534_0.7_0.91.png,val,45.403175354003906,0.9977725744247437,45.4068717956543,0.9977768659591675,0.003696441650390625,4.291534423828125e-06,0.018149733543395996
1547_0.77_1.84.png,val,38.357994079589844,0.9882626533508301,38.46340560913086,0.9883904457092285,0.10541152954101562,0.0001277923583984375,0.056249380111694336
1550_0.87_0.57.png,val,45.58212661743164,0.9983158111572266,45.739383697509766,0.9983537197113037,0.157257080078125,3.790855407714844e-05,0.02665526419878006
1567_0.8_0.84.png,val,41.368141174316406,0.997229278087616,42.19076156616211,0.99736487865448,0.8226203918457031,0.00013560056686401367,0.01403498649597168
1575_0.51_1.39.png,val,42.3780517578125,0.9986246824264526,42.40991973876953,0.9986087083816528,0.03186798095703125,-1.5974044799804688e-05,0.03492379188537598
1579_0.67_1.31.png,val,43.26335525512695,0.9950222969055176,43.64230728149414,0.9950337409973145,0.3789520263671875,1.1444091796875e-05,0.046913981437683105
1580_0.7_1.59.png,val,40.640953063964844,0.9930599927902222,41.16541290283203,0.9931973218917847,0.5244598388671875,0.0001373291015625,0.049703240394592285
1586_0.74_1.29.png,val,39.64473342895508,0.9954327344894409,39.7515869140625,0.9955041408538818,0.10685348510742188,7.140636444091797e-05,0.04042506217956543
1587_0.73_1.54.png,val,38.55976104736328,0.9942265748977661,38.688053131103516,0.9943405389785767,0.12829208374023438,0.00011396408081054688,0.046961307525634766
1589_0.74_1.06.png,val,42.39085388183594,0.9970111846923828,42.20927429199219,0.9970118999481201,-0.18157958984375,7.152557373046875e-07,0.01682424545288086
1612_0.77_1.4.png,val,41.314674377441406,0.9953316450119019,41.056522369384766,0.9952824115753174,-0.2581520080566406,-4.9233436584472656e-05,0.022480737417936325
1618_0.97_1.32.png,val,42.315364837646484,0.9915467500686646,42.41698455810547,0.9918434023857117,0.10161972045898438,0.00029665231704711914,0.03675737977027893
161_0.83_1.56.png,val,28.50743865966797,0.989385724067688,29.24734115600586,0.990468442440033,0.7399024963378906,0.0010827183723449707,0.024376511573791504
1642_0.91_0.72.png,val,42.759483337402344,0.9978270530700684,43.2234001159668,0.9978487491607666,0.4639167785644531,2.1696090698242188e-05,0.031572554260492325
164_0.84_0.62.png,val,36.692413330078125,0.998051106929779,37.880760192871094,0.9981478452682495,1.1883468627929688,9.673833847045898e-05,0.01438230276107788
165_0.71_1.57.png,val,38.04133987426758,0.9966685175895691,38.76247024536133,0.996779203414917,0.72113037109375,0.00011068582534790039,0.03399801254272461
1664_0.8_2.0.png,val,39.815731048583984,0.995111882686615,40.01673889160156,0.9952939748764038,0.20100784301757812,0.00018209218978881836,0.04077911376953125
1674_0.9_1.32.png,val,41.195030212402344,0.9973205327987671,41.39250183105469,0.9973338842391968,0.19747161865234375,1.33514404296875e-05,0.025706075131893158
1675_0.56_1.81.png,val,40.61992263793945,0.9980150461196899,40.86438751220703,0.9980468153953552,0.24446487426757812,3.17692756652832e-05,0.07384014129638672
1684_0.61_1.24.png,val,39.91542053222656,0.9979555606842041,40.04043197631836,0.9978391528129578,0.12501144409179688,-0.00011640787124633789,0.04993441700935364
1701_0.55_0.71.png,val,45.06745910644531,0.9988845586776733,45.49495315551758,0.9989171028137207,0.4274940490722656,3.254413604736328e-05,0.03947770595550537
1704_0.9_1.06.png,val,42.09525680541992,0.9977525472640991,42.097076416015625,0.9977526664733887,0.001819610595703125,1.1920928955078125e-07,0.03787943720817566
1716_0.87_0.59.png,val,41.093666076660156,0.9973511695861816,41.11738586425781,0.9973258972167969,0.02371978759765625,-2.5272369384765625e-05,0.015492081642150879
1729_0.85_0.57.png,val,46.16436004638672,0.9988154768943787,45.979209899902344,0.9988148212432861,-0.185150146484375,-6.556510925292969e-07,0.03121642768383026
1739_0.98_1.18.png,val,35.70642852783203,0.9896987676620483,35.74164962768555,0.9897038340568542,0.035221099853515625,5.066394805908203e-06,0.028001785278320312
1741_0.52_0.81.png,val,49.31453323364258,0.9990150332450867,49.23126220703125,0.9990365505218506,-0.08327102661132812,2.1517276763916016e-05,0.013941764831542969
1744_0.79_1.18.png,val,45.9113883972168,0.998449444770813,45.66276550292969,0.9985241293907166,-0.24862289428710938,7.468461990356445e-05,0.03340804576873779
1753_0.96_1.66.png,val,38.75845718383789,0.9954323768615723,38.81171417236328,0.9954785704612732,0.053256988525390625,4.6193599700927734e-05,0.024157285690307617
1778_0.61_0.57.png,val,48.450042724609375,0.9992483854293823,48.64802932739258,0.999261736869812,0.19798660278320312,1.33514404296875e-05,0.02409040927886963
179_0.79_1.66.png,val,38.14042663574219,0.9926856756210327,38.546566009521484,0.9926201701164246,0.4061393737792969,-6.55055046081543e-05,0.03153491020202637
1801_0.99_0.78.png,val,41.848228454589844,0.9973130226135254,42.35508346557617,0.9973935484886169,0.5068550109863281,8.052587509155273e-05,0.02612726390361786
1811_0.62_1.47.png,val,45.238731384277344,0.9939558506011963,45.63705062866211,0.9937708377838135,0.3983192443847656,-0.0001850128173828125,0.03741765022277832
1823_0.78_0.96.png,val,46.16032409667969,0.9973982572555542,46.20558166503906,0.9974164366722107,0.045257568359375,1.817941665649414e-05,0.026151418685913086
1838_0.88_0.63.png,val,46.47446060180664,0.9966853857040405,46.63182067871094,0.9967080950737,0.15736007690429688,2.2709369659423828e-05,0.020439624786376953
1840_0.94_1.56.png,val,40.71682357788086,0.9913443326950073,41.08027648925781,0.991443395614624,0.3634529113769531,9.906291961669922e-05,0.023918509483337402
1847_0.55_2.0.png,val,41.05072021484375,0.9963924288749695,41.26409912109375,0.9963990449905396,0.21337890625,6.616115570068359e-06,0.04989051818847656
1851_0.7_1.14.png,val,43.50969696044922,0.9977089762687683,43.40955352783203,0.997654914855957,-0.1001434326171875,-5.40614128112793e-05,0.04455924034118652
185_0.65_1.74.png,val,37.417724609375,0.996454656124115,37.57271194458008,0.9964817762374878,0.15498733520507812,2.7120113372802734e-05,0.007698416709899902
1864_0.63_1.68.png,val,42.86103057861328,0.9961556196212769,43.061363220214844,0.9961057901382446,0.2003326416015625,-4.982948303222656e-05,0.049931496381759644
1870_0.54_1.45.png,val,45.01409912109375,0.9969559907913208,45.422306060791016,0.9969215393066406,0.4082069396972656,-3.445148468017578e-05,0.020706400275230408
1893_0.53_1.29.png,val,42.0767822265625,0.9985455274581909,41.90731430053711,0.9985884428024292,-0.16946792602539062,4.291534423828125e-05,0.023430585861206055
1896_0.7_0.8.png,val,41.083045959472656,0.9987804293632507,40.835472106933594,0.9988189935684204,-0.2475738525390625,3.8564205169677734e-05,0.020922422409057617
1900_0.59_0.94.png,val,46.58270263671875,0.9991617202758789,46.87403869628906,0.9992058277130127,0.2913360595703125,4.410743713378906e-05,0.01849651336669922
1901_0.77_1.18.png,val,45.50580596923828,0.9973049163818359,45.66658401489258,0.9973462820053101,0.16077804565429688,4.1365623474121094e-05,0.043435484170913696
1917_0.96_1.37.png,val,40.48727035522461,0.9921127557754517,40.98944854736328,0.9927796125411987,0.5021781921386719,0.0006668567657470703,0.018603477627038956
1919_0.59_0.94.png,val,49.531150817871094,0.9972550868988037,49.44133377075195,0.997208297252655,-0.08981704711914062,-4.678964614868164e-05,0.015223473310470581
191_0.53_1.57.png,val,38.34210968017578,0.9895226359367371,38.80646514892578,0.9907900094985962,0.46435546875,0.0012673735618591309,0.028590917587280273
1944_0.99_1.3.png,val,37.27996063232422,0.9954249858856201,37.30719757080078,0.995476245880127,0.0272369384765625,5.125999450683594e-05,0.012232422828674316
1946_0.91_1.18.png,val,39.9794807434082,0.993177056312561,40.00362014770508,0.9931104183197021,0.024139404296875,-6.663799285888672e-05,0.033015429973602295
1953_0.73_0.63.png,val,46.17694854736328,0.9986578226089478,46.485374450683594,0.9987919330596924,0.3084259033203125,0.0001341104507446289,0.020854588598012924
1994_0.55_1.79.png,val,39.89699935913086,0.9963294863700867,40.535221099853516,0.9963638782501221,0.6382217407226562,3.439188003540039e-05,0.03442835807800293
1999_0.93_0.74.png,val,38.24642562866211,0.99583899974823,38.39990234375,0.9957851767539978,0.15347671508789062,-5.3822994232177734e-05,0.021843791007995605
2002_0.86_1.83.png,val,41.423919677734375,0.9971818327903748,41.621925354003906,0.9971792101860046,0.19800567626953125,-2.6226043701171875e-06,0.051534175872802734
2036_0.8_0.55.png,val,45.372161865234375,0.9989542961120605,45.41851043701172,0.9989535808563232,0.04634857177734375,-7.152557373046875e-07,0.010449409484863281
2037_0.65_0.92.png,val,46.11079406738281,0.9977862238883972,46.563941955566406,0.9978169202804565,0.45314788818359375,3.069639205932617e-05,0.022754788398742676
203_0.79_0.99.png,val,40.69160842895508,0.9976984858512878,41.42786407470703,0.9979599714279175,0.7362556457519531,0.00026148557662963867,0.016816258430480957
2040_0.75_1.75.png,val,41.22970962524414,0.9948517680168152,41.55491256713867,0.9948147535324097,0.32520294189453125,-3.701448440551758e-05,0.023980259895324707
2045_0.94_0.71.png,val,40.67585372924805,0.9965828657150269,41.03544235229492,0.9966594576835632,0.359588623046875,7.659196853637695e-05,0.016165077686309814
2050_0.8_1.8.png,val,37.11074447631836,0.9914783239364624,37.17380142211914,0.9915022850036621,0.06305694580078125,2.396106719970703e-05,0.04727882146835327
2055_0.69_0.57.png,val,45.121604919433594,0.9987885355949402,45.553680419921875,0.9988126754760742,0.43207550048828125,2.4139881134033203e-05,0.021987497806549072
2070_0.86_0.78.png,val,44.15020751953125,0.9987574815750122,43.66984939575195,0.9987210631370544,-0.4803581237792969,-3.641843795776367e-05,0.029331892728805542
2075_0.73_2.0.png,val,37.66062927246094,0.995913028717041,38.61347961425781,0.9959863424301147,0.952850341796875,7.331371307373047e-05,0.044956326484680176
2076_0.85_1.77.png,val,37.412200927734375,0.995581328868866,38.263031005859375,0.9956916570663452,0.850830078125,0.00011032819747924805,0.02273738384246826
2080_0.53_1.58.png,val,40.399478912353516,0.9966287612915039,40.25221252441406,0.9966248273849487,-0.14726638793945312,-3.933906555175781e-06,0.03826570510864258
210_0.87_0.81.png,val,40.07377624511719,0.9975995421409607,39.27972412109375,0.9976600408554077,-0.7940521240234375,6.0498714447021484e-05,0.0032329559326171875
2125_0.65_0.5.png,val,48.05406951904297,0.9993631839752197,48.3823356628418,0.9993720054626465,0.3282661437988281,8.821487426757812e-06,0.025915861129760742
212_0.71_1.94.png,val,37.92644119262695,0.9950463771820068,37.57877731323242,0.9952038526535034,-0.34766387939453125,0.00015747547149658203,0.011930108070373535
2131_0.88_1.57.png,val,40.41514587402344,0.9965218305587769,40.644432067871094,0.9965051412582397,0.22928619384765625,-1.6689300537109375e-05,0.027753114700317383
2151_0.78_0.51.png,val,46.091495513916016,0.9973980784416199,46.681495666503906,0.9976099729537964,0.5900001525878906,0.00021189451217651367,0.020627379417419434
2155_0.7_0.67.png,val,47.13964080810547,0.9991742372512817,47.762298583984375,0.9992010593414307,0.6226577758789062,2.682209014892578e-05,0.01920943707227707
2161_0.69_1.35.png,val,39.349422454833984,0.9937629699707031,40.06820297241211,0.9938437342643738,0.718780517578125,8.07642936706543e-05,0.02444589138031006
2165_0.88_1.99.png,val,36.190277099609375,0.9836515784263611,36.5849609375,0.9837445020675659,0.394683837890625,9.292364120483398e-05,0.03448522090911865
216_0.58_1.1.png,val,42.39570999145508,0.9978440999984741,43.25639343261719,0.9980394244194031,0.8606834411621094,0.00019532442092895508,0.02584211900830269
