5643
3435
6798
8769
1663
8595
2982
4048
7893
7459
7030
2587
8666
8457
5296
4614
4486
5963
5404
3238
8711
1885
4568
8077
2837
6696
4859
7455
8516
3616
0497
4917
0678
3733
3340
8283
6872
1368
0502
4381
1111
5058
6547
2600
6677
3002
2116
8618
2780
8566
6124
6039
4550
3305
4502
2585
6746
6963
4318
8475
3676
3191
3800
5186
6575
1376
8015
6897
8612
1521
0596
7486
3403
6480
6517
0462
2682
0446
1514
7187
3269
2990
6400
0471
3544
3859
7639
3117
2264
4410
3447
3552
3778
3153
8454
1511
6831
1062
1371
6221
3287
6488
4060
1241
8760
0691
2562
4551
8662
3223
4167
8482
6297
0417
8630
6235
2836
2283
4588
5962
4036
7781
1836
1685
6092
1073
3775
1465
6712
7418
7609
1516
0553
2889
6960
7690
5491
3282
3284
2638
5214
8515
5220
3990
4854
8499
1355
6102
7876
6011
3880
8200
2372
8229
4192
3578
8468
4580
3561
7471
6386
7973
7956
4888
7563
7465
4334
1420
1391
4868
1777
3298
4175
2166
2718
8093
6978
6837
4936
3345
4407
1190
5256
3499
7865
3507
8713
5207
3031
8832
8519
7307
4548
4913
3879
6238
0948
8306
2740
7562
4982
7898
2513
5516
6710
0833
5872
2174
0752
1340
3673
3297
6914
4228
3701
2972
5653
0495
3126
4056
6476
4565
0501
7010
4474
4299
5551
0114
7309
5159
2006
4638
2637
7879
6189
7936
4174
7156
6352
2542
5676
6845
8068
2077
6688
3940
8401
4861
7704
7728
5592
3498
3110
8105
7853
4867
2774
6641
5908
2276
5264
1637
8137
4310
8218
3982
0972
1147
3510
7061
6648
2153
4523
8109
8210
5797
5666
7067
3593
0613
8116
8892
4687
5735
8853
3460
5514
6451
5330
3855
7135
1364
8176
0865
6420
7684
4522
4438
8617
2498
2213
3114
5545
6899
3248
1729
6747
1524
2201
5259
5257
5204
2018
8622
1563
5303
2899
0555
2008
7908
6883
6128
3764
3755
6762
1762
6967
3439
4747
3692
2482
2164
1740
3096
4678
5580
1525
5098
5829
3195
4368
1645
5160
4643
4380
4740
8297
6394
6491
6370
4498
1860
4455
4040
4642
4369
3260
3874
1305
1727
8222
4838
5879
1825
7081
5686
7035
5511
0622
6587
4737
6529
1191
1630
8178
8037
4262
7088
8028
8833
7234
7713
4702
6328
5668
5212
0520
8911
4680
3211
5465
4143
2211
3171
2461
5230
5912
5273
6495
2895
5387
4706
5957
4352
4635
7312
3799
8819
2496
8899
4425
4806
7043
4694
2832
6753
5732
7561
2618
6228
4852
7903
6469
5288
7378
4697
5765
8017
7154
3953
8250
4122
0921
3203
2097
8399
0841
2454
5464
2503
7336
4666
2541
4907
3290
6349
3332
8442
5758
1225
6729
7862
1599
5567
7877
6484
2604
2162
7611
2271
4546
8300
1365
7143
5380
8086
3421
2409
1739
4492
6604
4030
1750
4247
7093
3549
2411
2198
3736
7029
7682
1315
3148
8533
7001
2330
4803
7590
6556
8635
8857
5398
5483
1486
8735
3328
1793
3104
3266
2288
2909
0574
5523
6073
8649
8170
8838
8045
2356
0812
8289
0503
8500
2800
7240
7109
3739
6492
8314
0820
2069
0456
6023
5231
8052
7276
8451
6700
1049
6682
4184
6272
6948
7752
1935
5181
8240
8384
6048
5605
2221
5772
0835
1160
5815
8291
8676
3071
4289
7208
2367
1029
7624
5346
2863
1462
6558
5153
2549
4840
3392
6511
5370
7249
5831
7163
0911
5053
5512
7588
4495
3414
4403
8346
2608
7328
0564
4343
4676
1253
6331
6616
6778
4069
4538
8879
2539
2303
2820
6339
8484
5080
2495
1854
8290
4180
1549
0689
0949
2145
5253
3918
3916
3591
4363
6569
6970
6254
2653
3008
2226
7928
3798
0419
8536
8705
8449
4395
4671
2255
3387
5195
2667
3155
7615
