name,true_delta_psnr,baseline_delta_psnr,depth_surplus_psnr,normal_delta_psnr,shuffle_delta_psnr,zero_delta_psnr
1001_0.89_1.66.png,-0.013767242431640625,-0.07738876342773438,0.06362152099609375,-0.04146575927734375,-0.05971527099609375,-0.07738876342773438
1003_0.9_1.06.png,-0.101104736328125,-0.22190475463867188,0.12080001831054688,-0.1653289794921875,-0.1949615478515625,-0.22190475463867188
1006_0.89_1.55.png,0.09444808959960938,0.11832046508789062,-0.02387237548828125,0.1089935302734375,0.08690643310546875,0.11832046508789062
1010_0.91_1.13.png,-0.23086166381835938,-0.26180267333984375,0.030941009521484375,-0.169158935546875,-0.1971893310546875,-0.26180267333984375
1012_0.85_1.28.png,-0.25411224365234375,-0.2792472839355469,0.025135040283203125,-0.20192718505859375,-0.24000930786132812,-0.2792472839355469
1013_0.63_1.83.png,-0.20104217529296875,-0.167144775390625,-0.03389739990234375,-0.1781463623046875,-0.16330718994140625,-0.167144775390625
1017_0.91_1.44.png,0.0115814208984375,0.02349853515625,-0.0119171142578125,-0.007778167724609375,0.0011444091796875,0.02349853515625
1019_0.82_1.87.png,0.153167724609375,0.08420944213867188,0.06895828247070312,0.059650421142578125,0.08353805541992188,0.08420944213867188
1035_0.76_1.14.png,0.27725982666015625,0.10976791381835938,0.16749191284179688,0.11583328247070312,0.17432403564453125,0.10976791381835938
1038_0.87_1.29.png,-0.15752792358398438,-0.14980697631835938,-0.007720947265625,-0.19045639038085938,-0.17580795288085938,-0.14980697631835938
1039_0.79_1.79.png,-0.08628082275390625,-0.09388351440429688,0.007602691650390625,-0.12340545654296875,-0.110107421875,-0.09388351440429688
1040_0.78_2.0.png,-0.04053688049316406,-0.0534210205078125,0.012884140014648438,-0.07733917236328125,-0.06346321105957031,-0.0534210205078125
1049_0.97_1.09.png,0.06855010986328125,0.07178878784179688,-0.003238677978515625,0.0512542724609375,0.06304168701171875,0.07178878784179688
104_0.88_1.76.png,-0.22620201110839844,-0.2074909210205078,-0.018711090087890625,-0.19326019287109375,-0.1970653533935547,-0.2074909210205078
1063_0.51_1.61.png,-0.13903045654296875,-0.1610565185546875,0.02202606201171875,-0.1441802978515625,-0.1425628662109375,-0.1610565185546875
1069_0.66_1.4.png,0.036647796630859375,-0.000438690185546875,0.03708648681640625,0.0181884765625,0.01444244384765625,-0.000438690185546875
1072_0.58_0.58.png,0.02870941162109375,-0.12839508056640625,0.1571044921875,-0.050785064697265625,-0.07276153564453125,-0.12839508056640625
1079_0.77_1.21.png,0.14344024658203125,0.07830047607421875,0.0651397705078125,0.0895233154296875,0.09012985229492188,0.07830047607421875
108_0.96_0.98.png,0.0008029937744140625,-0.011247634887695312,0.012050628662109375,-0.06242942810058594,-0.033779144287109375,-0.011247634887695312
1090_0.54_0.58.png,0.1006317138671875,-0.023105621337890625,0.12373733520507812,0.090362548828125,0.018375396728515625,-0.023105621337890625
1098_0.8_0.51.png,0.24769210815429688,0.060131072998046875,0.18756103515625,0.038055419921875,0.08767318725585938,0.060131072998046875
1104_0.89_1.59.png,0.034450531005859375,-0.010061264038085938,0.04451179504394531,-0.010402679443359375,-0.00438690185546875,-0.010061264038085938
1108_0.58_1.2.png,0.3185997009277344,-0.0338897705078125,0.3524894714355469,2.288818359375e-05,0.017299652099609375,-0.0338897705078125
1116_0.63_1.62.png,0.4119987487792969,0.23251724243164062,0.17948150634765625,0.2704620361328125,0.2827568054199219,0.23251724243164062
1121_0.88_0.92.png,0.1369781494140625,0.03290557861328125,0.10407257080078125,0.043277740478515625,0.06808853149414062,0.03290557861328125
1124_0.74_1.17.png,0.3321075439453125,0.14461135864257812,0.18749618530273438,0.21386337280273438,0.22994232177734375,0.14461135864257812
1125_0.72_1.76.png,-0.0715789794921875,-0.14847183227539062,0.07689285278320312,-0.14010238647460938,-0.12483978271484375,-0.14847183227539062
1126_0.73_0.82.png,-0.254913330078125,-0.17625045776367188,-0.07866287231445312,-0.17319869995117188,-0.17573165893554688,-0.17625045776367188
1127_0.91_0.61.png,-0.21226882934570312,-0.13864898681640625,-0.07361984252929688,-0.24682235717773438,-0.21230697631835938,-0.13864898681640625
1133_0.68_1.41.png,-0.10427474975585938,0.02082061767578125,-0.12509536743164062,-0.01380157470703125,-0.01888275146484375,0.02082061767578125
1134_0.69_1.2.png,-0.05774688720703125,0.06961441040039062,-0.12736129760742188,0.038188934326171875,0.0298919677734375,0.06961441040039062
1139_0.58_1.05.png,0.2975578308105469,-0.140594482421875,0.4381523132324219,-0.15477752685546875,-0.035007476806640625,-0.140594482421875
113_0.65_1.81.png,-0.051727294921875,-0.030170440673828125,-0.021556854248046875,-0.04703521728515625,-0.03806304931640625,-0.030170440673828125
1147_0.56_1.1.png,-0.24923324584960938,-0.10227203369140625,-0.14696121215820312,-0.08585739135742188,-0.11431503295898438,-0.10227203369140625
1152_0.65_1.76.png,0.3432807922363281,0.12755584716796875,0.21572494506835938,0.1224212646484375,0.13885879516601562,0.12755584716796875
1154_0.96_0.62.png,0.0336456298828125,0.004528045654296875,0.029117584228515625,-0.026302337646484375,-0.010868072509765625,0.004528045654296875
1155_0.63_1.27.png,0.4960174560546875,0.19263076782226562,0.3033866882324219,0.2718391418457031,0.2822990417480469,0.19263076782226562
1157_0.56_1.98.png,0.8224716186523438,0.3228874206542969,0.4995841979980469,0.3275947570800781,0.37595367431640625,0.3228874206542969
1163_0.95_1.89.png,-0.231658935546875,-0.24654769897460938,0.014888763427734375,-0.24495315551757812,-0.24611282348632812,-0.24654769897460938
1164_0.79_1.96.png,-0.2947425842285156,-0.2835350036621094,-0.01120758056640625,-0.2806549072265625,-0.2860565185546875,-0.2835350036621094
1167_0.95_0.68.png,0.19165802001953125,0.12424087524414062,0.06741714477539062,0.06469345092773438,0.09893035888671875,0.12424087524414062
1174_0.74_1.33.png,-0.20624542236328125,-0.22959136962890625,0.023345947265625,-0.2511444091796875,-0.21751785278320312,-0.22959136962890625
1178_0.68_0.85.png,0.21002578735351562,-0.020839691162109375,0.230865478515625,0.037570953369140625,0.056758880615234375,-0.020839691162109375
1182_0.63_1.77.png,0.2993278503417969,0.1366729736328125,0.16265487670898438,0.12648773193359375,0.19074249267578125,0.1366729736328125
118_0.72_0.71.png,0.042293548583984375,0.0544281005859375,-0.012134552001953125,-0.033203125,0.001079559326171875,0.0544281005859375
1195_0.65_1.61.png,-0.31658935546875,-0.17374801635742188,-0.14284133911132812,-0.12977218627929688,-0.15264511108398438,-0.17374801635742188
1199_0.86_0.65.png,0.18982315063476562,0.005771636962890625,0.184051513671875,0.00385284423828125,0.051860809326171875,0.005771636962890625
1207_0.7_1.43.png,0.026615142822265625,-0.03437042236328125,0.060985565185546875,-0.009624481201171875,0.004238128662109375,-0.03437042236328125
1216_0.65_1.09.png,-0.24904251098632812,-0.09569931030273438,-0.15334320068359375,-0.0747528076171875,-0.1150665283203125,-0.09569931030273438
1217_0.82_0.83.png,0.18469619750976562,0.08340835571289062,0.101287841796875,0.09295654296875,0.10114288330078125,0.08340835571289062
1220_0.82_1.9.png,0.08250236511230469,0.019756317138671875,0.06274604797363281,0.03400611877441406,0.030736923217773438,0.019756317138671875
1226_0.82_0.78.png,-0.1006622314453125,-0.08102798461914062,-0.019634246826171875,-0.0206756591796875,-0.07037353515625,-0.08102798461914062
1232_0.77_0.99.png,-0.4990730285644531,-0.5798263549804688,0.08075332641601562,-0.5475959777832031,-0.5725173950195312,-0.5798263549804688
1233_0.54_0.63.png,-0.23945999145507812,-0.061893463134765625,-0.1775665283203125,-0.041843414306640625,-0.060237884521484375,-0.061893463134765625
1246_0.62_2.0.png,0.09241867065429688,0.029811859130859375,0.0626068115234375,-0.005313873291015625,0.01624298095703125,0.029811859130859375
1267_0.75_1.55.png,0.8870353698730469,0.5250091552734375,0.3620262145996094,0.527069091796875,0.5390892028808594,0.5250091552734375
1270_0.74_1.52.png,-0.178924560546875,-0.190216064453125,0.01129150390625,-0.1573944091796875,-0.16672897338867188,-0.190216064453125
1275_0.54_1.73.png,0.38588714599609375,0.052555084228515625,0.3333320617675781,0.06332778930664062,0.11083984375,0.052555084228515625
1284_0.58_1.58.png,0.22362518310546875,-0.06774139404296875,0.2913665771484375,-0.044544219970703125,-0.061920166015625,-0.06774139404296875
1290_0.95_1.76.png,0.12409591674804688,0.007816314697265625,0.11627960205078125,0.0150909423828125,0.0115966796875,0.007816314697265625
12_0.9_1.75.png,-0.041973114013671875,-0.07552719116210938,0.0335540771484375,-0.05877685546875,-0.061222076416015625,-0.07552719116210938
1307_0.92_1.87.png,-0.2820777893066406,-0.2525520324707031,-0.0295257568359375,-0.23902130126953125,-0.24571990966796875,-0.2525520324707031
1310_0.53_1.28.png,0.294464111328125,0.1004180908203125,0.1940460205078125,0.05994415283203125,0.09049224853515625,0.1004180908203125
1323_0.89_0.88.png,-0.0233917236328125,-0.07468795776367188,0.051296234130859375,-0.056491851806640625,-0.06926727294921875,-0.07468795776367188
1324_0.55_1.43.png,0.021663665771484375,-0.01221466064453125,0.033878326416015625,0.01221466064453125,-0.0025482177734375,-0.01221466064453125
1333_0.79_1.62.png,-0.10992431640625,-0.07651519775390625,-0.03340911865234375,-0.129638671875,-0.0941619873046875,-0.07651519775390625
1338_0.83_1.25.png,0.08004379272460938,0.033817291259765625,0.04622650146484375,0.004302978515625,0.030033111572265625,0.033817291259765625
1339_0.65_1.47.png,0.2558555603027344,0.13726806640625,0.11858749389648438,0.13631057739257812,0.141143798828125,0.13726806640625
133_0.75_1.91.png,0.0017261505126953125,0.010257720947265625,-0.008531570434570312,0.02040863037109375,0.01409912109375,0.010257720947265625
1348_0.85_0.74.png,0.2510528564453125,0.04085540771484375,0.21019744873046875,0.07102584838867188,0.05587005615234375,0.04085540771484375
1349_0.94_1.22.png,-0.11722946166992188,-0.1160430908203125,-0.001186370849609375,-0.15909576416015625,-0.153472900390625,-0.1160430908203125
1354_0.79_1.67.png,0.0667266845703125,-0.008945465087890625,0.07567214965820312,0.00713348388671875,0.008087158203125,-0.008945465087890625
1357_0.64_1.26.png,-0.12877655029296875,-0.107208251953125,-0.02156829833984375,-0.14705657958984375,-0.12457275390625,-0.107208251953125
1359_0.92_1.46.png,0.13914108276367188,0.11231613159179688,0.026824951171875,0.10667037963867188,0.11304092407226562,0.11231613159179688
135_0.95_0.78.png,-0.0180511474609375,-0.047882080078125,0.0298309326171875,-0.057369232177734375,-0.040523529052734375,-0.047882080078125
1376_0.65_1.6.png,0.013805389404296875,-0.0559539794921875,0.06975936889648438,-0.04869842529296875,-0.0446319580078125,-0.0559539794921875
1381_0.96_0.82.png,-0.042041778564453125,-0.06532669067382812,0.023284912109375,-0.14983749389648438,-0.09784698486328125,-0.06532669067382812
1383_0.75_0.81.png,-0.049091339111328125,-0.15334701538085938,0.10425567626953125,-0.23125839233398438,-0.18334197998046875,-0.15334701538085938
1392_0.87_0.83.png,0.19031143188476562,0.025508880615234375,0.16480255126953125,0.0255889892578125,0.022125244140625,0.025508880615234375
1395_0.71_1.8.png,0.16748428344726562,0.00830841064453125,0.15917587280273438,0.01572418212890625,0.029567718505859375,0.00830841064453125
1397_0.94_0.79.png,0.1767425537109375,0.045475006103515625,0.13126754760742188,0.0554656982421875,0.06505966186523438,0.045475006103515625
1399_0.81_0.95.png,0.3378791809082031,0.14513397216796875,0.19274520874023438,0.15987014770507812,0.1555023193359375,0.14513397216796875
1401_0.77_1.54.png,0.0376434326171875,-0.060398101806640625,0.09804153442382812,-0.052173614501953125,-0.036991119384765625,-0.060398101806640625
140_0.99_1.0.png,-0.07777023315429688,-0.051929473876953125,-0.02584075927734375,-0.07499313354492188,-0.060962677001953125,-0.051929473876953125
1416_0.95_1.15.png,0.14501571655273438,0.10982894897460938,0.035186767578125,0.10796737670898438,0.12154006958007812,0.10982894897460938
1417_0.88_0.75.png,-0.06885528564453125,-0.03572845458984375,-0.0331268310546875,-0.08348464965820312,-0.051021575927734375,-0.03572845458984375
1418_0.79_1.51.png,-0.0408172607421875,-0.030033111572265625,-0.010784149169921875,-0.0585479736328125,-0.046161651611328125,-0.030033111572265625
1423_0.68_1.59.png,0.01091766357421875,0.06519317626953125,-0.0542755126953125,0.07505416870117188,0.06433486938476562,0.06519317626953125
1425_0.84_1.75.png,-0.26470184326171875,-0.259033203125,-0.00566864013671875,-0.3333702087402344,-0.2980194091796875,-0.259033203125
1428_0.86_1.18.png,-0.07628250122070312,-0.06429290771484375,-0.011989593505859375,-0.15590667724609375,-0.10860443115234375,-0.06429290771484375
1431_0.81_0.84.png,-0.039520263671875,-0.12491607666015625,0.08539581298828125,-0.08889389038085938,-0.10157012939453125,-0.12491607666015625
1434_0.83_1.44.png,0.07135009765625,0.07176589965820312,-0.000415802001953125,0.08668136596679688,0.078338623046875,0.07176589965820312
1436_0.66_1.76.png,0.19915390014648438,0.09290313720703125,0.10625076293945312,0.16832733154296875,0.12480545043945312,0.09290313720703125
1437_0.74_1.01.png,0.2914886474609375,0.11704635620117188,0.17444229125976562,0.0956268310546875,0.13155746459960938,0.11704635620117188
1441_0.58_1.73.png,-0.21384048461914062,-0.12451553344726562,-0.089324951171875,-0.11968231201171875,-0.11359786987304688,-0.12451553344726562
1442_0.62_0.81.png,-0.037097930908203125,-0.0322723388671875,-0.004825592041015625,-0.006412506103515625,0.015682220458984375,-0.0322723388671875
1444_0.58_1.95.png,-0.23273468017578125,-0.14540863037109375,-0.0873260498046875,-0.14385604858398438,-0.14911651611328125,-0.14540863037109375
1447_0.8_1.55.png,0.091583251953125,-0.034450531005859375,0.12603378295898438,0.020519256591796875,-0.01511383056640625,-0.034450531005859375
1463_1.0_1.22.png,0.01824951171875,0.021686553955078125,-0.003437042236328125,-0.004756927490234375,0.000499725341796875,0.021686553955078125
1468_0.81_0.54.png,0.15546417236328125,0.24631118774414062,-0.09084701538085938,0.2951698303222656,0.273162841796875,0.24631118774414062
146_0.96_1.51.png,-0.039943695068359375,-0.04689788818359375,0.006954193115234375,-0.08037948608398438,-0.06113624572753906,-0.04689788818359375
1482_0.59_1.05.png,-0.47309112548828125,-0.12462997436523438,-0.3484611511230469,-0.10821151733398438,-0.11236572265625,-0.12462997436523438
1484_0.75_0.81.png,-0.2939643859863281,-0.0283050537109375,-0.2656593322753906,-0.034214019775390625,-0.03790283203125,-0.0283050537109375
1486_0.98_1.1.png,-0.21084976196289062,-0.1519317626953125,-0.058917999267578125,-0.17186355590820312,-0.15644454956054688,-0.1519317626953125
1487_0.99_1.08.png,-0.16202545166015625,-0.11346817016601562,-0.048557281494140625,-0.12945556640625,-0.109039306640625,-0.11346817016601562
1505_0.8_0.86.png,0.32806396484375,0.051483154296875,0.276580810546875,0.12981033325195312,0.08238983154296875,0.051483154296875
1507_0.87_0.95.png,0.24029922485351562,0.060825347900390625,0.179473876953125,0.10644912719726562,0.07183074951171875,0.060825347900390625
1510_0.72_1.09.png,0.08594894409179688,-0.02016448974609375,0.10611343383789062,-0.055004119873046875,-0.056549072265625,-0.02016448974609375
1551_0.97_1.18.png,-0.030681610107421875,-0.03076171875,8.0108642578125e-05,-0.03879547119140625,-0.0378265380859375,-0.03076171875
1563_0.95_1.85.png,0.124053955078125,0.08556365966796875,0.03849029541015625,0.07973098754882812,0.08879852294921875,0.08556365966796875
1564_0.56_1.56.png,0.28124237060546875,0.13445281982421875,0.14678955078125,0.24556732177734375,0.14270782470703125,0.13445281982421875
157_0.81_1.26.png,0.08285903930664062,0.002803802490234375,0.08005523681640625,-0.01285552978515625,0.001644134521484375,0.002803802490234375
1587_0.73_1.54.png,0.20502471923828125,0.14151763916015625,0.063507080078125,0.15408706665039062,0.1495208740234375,0.14151763916015625
1588_0.93_1.69.png,0.16284942626953125,0.10503005981445312,0.057819366455078125,0.1117095947265625,0.1116943359375,0.10503005981445312
158_0.56_1.42.png,0.17903518676757812,0.00101470947265625,0.17802047729492188,0.020172119140625,0.01718902587890625,0.00101470947265625
1590_0.78_0.63.png,-0.23653411865234375,-0.013050079345703125,-0.22348403930664062,-0.053691864013671875,-0.08069610595703125,-0.013050079345703125
1594_0.71_0.5.png,-0.16775131225585938,0.12193679809570312,-0.2896881103515625,0.11306381225585938,0.11556243896484375,0.12193679809570312
1603_0.54_0.74.png,0.2838478088378906,-0.07894134521484375,0.3627891540527344,-0.02417755126953125,-0.01168060302734375,-0.07894134521484375
1605_1.0_1.37.png,0.10576248168945312,0.08224105834960938,0.02352142333984375,0.07958602905273438,0.08434295654296875,0.08224105834960938
1611_0.9_1.98.png,0.09626007080078125,0.02448272705078125,0.07177734375,0.018123626708984375,0.019641876220703125,0.02448272705078125
1614_0.81_0.78.png,0.15885162353515625,-0.3393821716308594,0.4982337951660156,-0.30533599853515625,-0.318603515625,-0.3393821716308594
1623_0.78_1.81.png,-0.1540374755859375,-0.25109100341796875,0.09705352783203125,-0.234771728515625,-0.233306884765625,-0.25109100341796875
1626_0.53_1.25.png,-0.5475311279296875,0.017124176025390625,-0.5646553039550781,0.025787353515625,-0.09075164794921875,0.017124176025390625
1628_0.8_1.49.png,-0.04913330078125,-0.03691864013671875,-0.01221466064453125,-0.028392791748046875,-0.026638031005859375,-0.03691864013671875
162_0.75_0.98.png,0.2596931457519531,0.034305572509765625,0.2253875732421875,0.04158782958984375,0.051898956298828125,0.034305572509765625
1638_0.83_1.06.png,0.08125686645507812,-0.12274932861328125,0.20400619506835938,-0.08557891845703125,-0.10777664184570312,-0.12274932861328125
1643_0.77_0.66.png,0.39208984375,-0.12818527221679688,0.5202751159667969,-0.112335205078125,-0.105682373046875,-0.12818527221679688
1645_0.87_1.02.png,0.18781661987304688,0.11819839477539062,0.06961822509765625,0.14684677124023438,0.1016998291015625,0.11819839477539062
1647_0.89_1.55.png,0.20518112182617188,0.09636688232421875,0.10881423950195312,0.11511611938476562,0.08427810668945312,0.09636688232421875
1653_0.9_1.01.png,0.09525680541992188,0.047271728515625,0.047985076904296875,0.046215057373046875,0.03845977783203125,0.047271728515625
1655_0.54_1.38.png,-0.2816009521484375,0.057735443115234375,-0.3393363952636719,0.06740951538085938,-0.06972122192382812,0.057735443115234375
166_0.58_1.66.png,0.048282623291015625,-0.10699081420898438,0.1552734375,0.000904083251953125,-0.07422637939453125,-0.10699081420898438
1672_0.86_1.68.png,0.05814361572265625,-0.0504302978515625,0.10857391357421875,-0.04489898681640625,-0.01705169677734375,-0.0504302978515625
1678_0.95_0.64.png,0.00382232666015625,-0.000579833984375,0.00440216064453125,0.004302978515625,-0.0076446533203125,-0.000579833984375
1680_0.79_1.69.png,0.0902862548828125,-0.0841827392578125,0.174468994140625,-0.061733245849609375,-0.06624984741210938,-0.0841827392578125
1681_0.98_1.69.png,0.18217086791992188,0.11325454711914062,0.06891632080078125,0.11716842651367188,0.11197280883789062,0.11325454711914062
1684_0.61_1.24.png,0.13976287841796875,-0.010223388671875,0.14998626708984375,-0.023548126220703125,-0.00653076171875,-0.010223388671875
1685_0.79_1.99.png,0.4234886169433594,0.24414825439453125,0.17934036254882812,0.25112152099609375,0.3058128356933594,0.24414825439453125
1688_0.94_1.37.png,0.27233123779296875,0.1638641357421875,0.10846710205078125,0.17572784423828125,0.18390274047851562,0.1638641357421875
1693_0.51_1.03.png,-0.11005783081054688,0.00365447998046875,-0.11371231079101562,0.013141632080078125,-0.028778076171875,0.00365447998046875
1697_0.87_1.23.png,0.012035369873046875,-0.013057708740234375,0.02509307861328125,0.031093597412109375,0.017444610595703125,-0.013057708740234375
1702_0.69_0.67.png,0.22919845581054688,0.03195953369140625,0.19723892211914062,0.0841064453125,0.0715484619140625,0.03195953369140625
1712_0.9_0.74.png,0.0116424560546875,-0.048465728759765625,0.060108184814453125,-0.014629364013671875,-0.0341033935546875,-0.048465728759765625
1718_0.92_1.01.png,0.09911727905273438,0.07420730590820312,0.02490997314453125,0.07010269165039062,0.07172775268554688,0.07420730590820312
1726_0.54_0.7.png,-0.11472702026367188,0.015781402587890625,-0.1305084228515625,0.0288238525390625,-0.004276275634765625,0.015781402587890625
1729_0.85_0.57.png,-0.07390213012695312,-0.0312652587890625,-0.042636871337890625,-0.035491943359375,-0.03961181640625,-0.0312652587890625
1731_0.84_1.3.png,-0.06809616088867188,-0.033252716064453125,-0.03484344482421875,-0.03278350830078125,-0.049709320068359375,-0.033252716064453125
1732_0.87_0.59.png,-0.060535430908203125,-0.0411224365234375,-0.019412994384765625,-0.035015106201171875,-0.046489715576171875,-0.0411224365234375
1735_0.72_0.9.png,0.2220611572265625,-0.07291030883789062,0.2949714660644531,-0.036800384521484375,-0.0210723876953125,-0.07291030883789062
1737_0.98_0.6.png,-0.1047821044921875,-0.08652877807617188,-0.018253326416015625,-0.10267257690429688,-0.09017181396484375,-0.08652877807617188
1742_0.9_1.59.png,0.04213714599609375,-0.01937103271484375,0.0615081787109375,-0.004405975341796875,-0.003108978271484375,-0.01937103271484375
1747_0.63_1.37.png,0.4484138488769531,0.08171463012695312,0.36669921875,0.11205291748046875,0.10157394409179688,0.08171463012695312
1749_0.73_1.97.png,-0.08803176879882812,-0.23865890502929688,0.15062713623046875,-0.24185562133789062,-0.2287139892578125,-0.23865890502929688
1750_0.82_1.35.png,0.00511932373046875,-0.043918609619140625,0.049037933349609375,-0.076202392578125,-0.0339813232421875,-0.043918609619140625
1752_0.83_1.89.png,0.019428253173828125,-0.06505584716796875,0.08448410034179688,-0.07326889038085938,-0.05536651611328125,-0.06505584716796875
1753_0.96_1.66.png,0.107391357421875,0.02611541748046875,0.08127593994140625,0.010990142822265625,0.050487518310546875,0.02611541748046875
1758_0.81_1.38.png,0.044208526611328125,-0.034946441650390625,0.07915496826171875,-0.051361083984375,-0.016819000244140625,-0.034946441650390625
1762_0.95_0.95.png,0.3023185729980469,0.13363265991210938,0.1686859130859375,0.13991546630859375,0.14553070068359375,0.13363265991210938
1767_0.55_0.58.png,-0.336883544921875,0.11704254150390625,-0.45392608642578125,0.081512451171875,-0.073577880859375,0.11704254150390625
1772_0.62_1.44.png,0.2532768249511719,-0.14094161987304688,0.39421844482421875,-0.14529037475585938,-0.14041519165039062,-0.14094161987304688
1786_0.64_1.19.png,0.5984344482421875,0.0418548583984375,0.55657958984375,0.07888031005859375,0.15324783325195312,0.0418548583984375
1792_0.62_1.77.png,-0.09230422973632812,-0.0278167724609375,-0.06448745727539062,0.01766204833984375,0.00598907470703125,-0.0278167724609375
1793_0.92_1.79.png,0.062046051025390625,0.029201507568359375,0.03284454345703125,0.054534912109375,0.05252838134765625,0.029201507568359375
1794_0.54_1.25.png,-0.09586715698242188,0.049739837646484375,-0.14560699462890625,0.061229705810546875,0.048015594482421875,0.049739837646484375
1796_0.93_0.58.png,-0.001678466796875,0.030063629150390625,-0.031742095947265625,0.0720977783203125,0.023654937744140625,0.030063629150390625
1807_0.72_1.36.png,0.36103057861328125,0.006252288818359375,0.3547782897949219,0.03409576416015625,0.022815704345703125,0.006252288818359375
1812_0.63_1.78.png,-0.45259857177734375,-0.29628753662109375,-0.15631103515625,-0.3093528747558594,-0.3081550598144531,-0.29628753662109375
1838_0.88_0.63.png,0.15712738037109375,0.08581161499023438,0.07131576538085938,0.07570266723632812,0.07738113403320312,0.08581161499023438
1840_0.94_1.56.png,0.22738265991210938,0.11514663696289062,0.11223602294921875,0.14036941528320312,0.12517929077148438,0.11514663696289062
1842_0.88_0.62.png,-0.056262969970703125,0.00580596923828125,-0.062068939208984375,0.0048065185546875,0.000492095947265625,0.00580596923828125
1843_0.68_1.88.png,-0.12616729736328125,0.0007476806640625,-0.12691497802734375,0.026126861572265625,0.03415679931640625,0.0007476806640625
1851_0.7_1.14.png,0.5399703979492188,-0.12506103515625,0.6650314331054688,-0.10400772094726562,-0.03900909423828125,-0.12506103515625
1852_0.7_0.65.png,0.6595649719238281,-0.2659721374511719,0.925537109375,-0.23633575439453125,-0.1349029541015625,-0.2659721374511719
1855_0.9_1.32.png,-0.033420562744140625,-0.011119842529296875,-0.02230072021484375,-0.00510406494140625,-0.019237518310546875,-0.011119842529296875
1857_0.87_1.23.png,0.052845001220703125,-0.08271026611328125,0.13555526733398438,-0.06571578979492188,-0.06695175170898438,-0.08271026611328125
186_0.61_0.89.png,-0.6509170532226562,-0.32622528076171875,-0.3246917724609375,-0.33026123046875,-0.35094451904296875,-0.32622528076171875
1874_0.85_0.87.png,0.2779350280761719,0.0269317626953125,0.2510032653808594,0.059131622314453125,0.043003082275390625,0.0269317626953125
1877_0.68_1.05.png,0.5656700134277344,-0.22771453857421875,0.7933845520019531,-0.1655731201171875,-0.13677978515625,-0.22771453857421875
1882_0.84_1.36.png,0.059230804443359375,0.009792327880859375,0.0494384765625,-0.028964996337890625,0.010906219482421875,0.009792327880859375
1883_0.72_1.0.png,0.126373291015625,0.017681121826171875,0.10869216918945312,0.11948013305664062,0.06639480590820312,0.017681121826171875
1884_0.78_0.61.png,0.099517822265625,-0.031955718994140625,0.13147354125976562,0.006404876708984375,0.018436431884765625,-0.031955718994140625
1885_0.54_0.83.png,0.32842254638671875,0.00283050537109375,0.325592041015625,0.22169876098632812,0.19419097900390625,0.00283050537109375
1886_0.89_1.66.png,0.025714874267578125,-0.02374267578125,0.049457550048828125,0.017429351806640625,-0.006870269775390625,-0.02374267578125
1890_0.83_1.44.png,0.10354232788085938,0.10987472534179688,-0.0063323974609375,0.16894912719726562,0.1804351806640625,0.10987472534179688
1893_0.53_1.29.png,-0.21990966796875,0.20610809326171875,-0.42601776123046875,-0.0017852783203125,0.044887542724609375,0.20610809326171875
1899_0.89_1.0.png,0.21660995483398438,0.03421783447265625,0.18239212036132812,0.05224609375,0.036045074462890625,0.03421783447265625
1901_0.77_1.18.png,0.1157989501953125,-0.032459259033203125,0.14825820922851562,0.0268707275390625,0.0304412841796875,-0.032459259033203125
1904_0.58_0.8.png,0.42023468017578125,-0.0215606689453125,0.44179534912109375,0.0718994140625,0.10755157470703125,-0.0215606689453125
1906_0.74_1.79.png,0.020267486572265625,0.062244415283203125,-0.0419769287109375,0.08280563354492188,0.06650543212890625,0.062244415283203125
1917_0.96_1.37.png,0.4119224548339844,0.19218063354492188,0.2197418212890625,0.19916152954101562,0.20416259765625,0.19218063354492188
1919_0.59_0.94.png,-0.14728164672851562,-0.121307373046875,-0.025974273681640625,-0.13341903686523438,-0.17043685913085938,-0.121307373046875
1924_0.98_1.93.png,0.13623809814453125,-0.000797271728515625,0.13703536987304688,0.003147125244140625,0.02504730224609375,-0.000797271728515625
1927_0.78_0.54.png,0.33233642578125,0.020904541015625,0.311431884765625,0.03516387939453125,0.089599609375,0.020904541015625
192_0.61_1.48.png,0.00699615478515625,-0.14387130737304688,0.15086746215820312,-0.11569976806640625,-0.13262557983398438,-0.14387130737304688
1931_0.68_1.21.png,0.5643348693847656,0.26610565185546875,0.2982292175292969,0.2836189270019531,0.2816505432128906,0.26610565185546875
1944_0.99_1.3.png,-0.07898712158203125,-0.09722900390625,0.01824188232421875,-0.1079559326171875,-0.0899505615234375,-0.09722900390625
1950_0.98_1.54.png,0.12811660766601562,0.05422210693359375,0.07389450073242188,0.055805206298828125,0.08228302001953125,0.05422210693359375
1954_0.97_1.98.png,-0.15348052978515625,-0.22822189331054688,0.07474136352539062,-0.23539352416992188,-0.18763351440429688,-0.22822189331054688
195_0.71_1.76.png,0.13935470581054688,0.1084136962890625,0.030941009521484375,0.10807037353515625,0.11353683471679688,0.1084136962890625
1967_0.84_0.81.png,0.08130264282226562,-0.1027679443359375,0.18407058715820312,-0.09714508056640625,-0.09488296508789062,-0.1027679443359375
1972_0.6_0.84.png,0.14235305786132812,-0.056903839111328125,0.19925689697265625,-0.06865692138671875,-0.07656478881835938,-0.056903839111328125
1975_0.78_0.62.png,-0.0838470458984375,-0.17274093627929688,0.08889389038085938,-0.18811416625976562,-0.22465896606445312,-0.17274093627929688
1982_0.99_1.89.png,0.01992034912109375,-0.0724334716796875,0.09235382080078125,-0.0659942626953125,-0.041004180908203125,-0.0724334716796875
1984_0.63_0.55.png,0.24808502197265625,-0.05606842041015625,0.3041534423828125,-0.051483154296875,0.029293060302734375,-0.05606842041015625
1985_0.57_1.93.png,0.2830657958984375,-0.17649078369140625,0.45955657958984375,-0.15694808959960938,-0.08599090576171875,-0.17649078369140625
1988_0.94_1.22.png,0.2672004699707031,0.21525955200195312,0.05194091796875,0.2240447998046875,0.21165847778320312,0.21525955200195312
1989_0.63_0.82.png,0.36490631103515625,-0.067535400390625,0.43244171142578125,-0.07089996337890625,-0.02216339111328125,-0.067535400390625
198_0.7_0.56.png,-0.2465057373046875,-0.0501708984375,-0.1963348388671875,-0.20372772216796875,-0.1584320068359375,-0.0501708984375
1997_0.71_1.74.png,0.19068527221679688,0.02031707763671875,0.17036819458007812,0.0267333984375,0.033878326416015625,0.02031707763671875
1998_0.9_0.95.png,0.11181259155273438,0.028186798095703125,0.08362579345703125,0.032474517822265625,0.03890228271484375,0.028186798095703125
2004_0.95_1.57.png,-0.015727996826171875,-0.10896682739257812,0.09323883056640625,-0.10741806030273438,-0.10230636596679688,-0.10896682739257812
2016_0.66_1.25.png,-0.2520637512207031,-0.04921722412109375,-0.20284652709960938,-0.12689590454101562,-0.06021881103515625,-0.04921722412109375
201_0.77_0.89.png,0.42761993408203125,0.1176605224609375,0.30995941162109375,0.10602951049804688,0.138397216796875,0.1176605224609375
2020_0.68_0.87.png,-0.20326995849609375,-0.030452728271484375,-0.17281723022460938,-0.0155181884765625,-0.14485931396484375,-0.030452728271484375
2022_0.74_1.71.png,0.0855560302734375,-0.21274185180664062,0.2982978820800781,-0.1686248779296875,-0.12112808227539062,-0.21274185180664062
2028_0.98_1.27.png,-0.039562225341796875,0.011280059814453125,-0.05084228515625,0.002971649169921875,0.005283355712890625,0.011280059814453125
2031_0.78_1.8.png,-0.082305908203125,-0.0995635986328125,0.0172576904296875,-0.08043670654296875,-0.09393310546875,-0.0995635986328125
2035_0.56_1.32.png,-0.2547492980957031,-0.03481292724609375,-0.21993637084960938,-0.129913330078125,-0.11527633666992188,-0.03481292724609375
2044_0.97_0.55.png,-0.08187103271484375,-0.041961669921875,-0.03990936279296875,-0.0634002685546875,-0.06371307373046875,-0.041961669921875
2049_0.54_1.16.png,0.09844589233398438,0.17639923095703125,-0.07795333862304688,0.23116302490234375,0.18286514282226562,0.17639923095703125
2062_0.98_0.6.png,0.4769020080566406,0.17793655395507812,0.2989654541015625,0.19544601440429688,0.248931884765625,0.17793655395507812
206_0.61_1.6.png,0.13802719116210938,0.027851104736328125,0.11017608642578125,0.03459930419921875,0.025485992431640625,0.027851104736328125
2070_0.86_0.78.png,-0.14743804931640625,-0.0255126953125,-0.12192535400390625,0.000347137451171875,-0.0255279541015625,-0.0255126953125
2073_0.87_1.93.png,0.21028900146484375,0.032207489013671875,0.17808151245117188,0.03481292724609375,0.042140960693359375,0.032207489013671875
2074_0.71_0.74.png,0.2573738098144531,-0.16655349731445312,0.42392730712890625,-0.15549087524414062,-0.0264434814453125,-0.16655349731445312
2075_0.73_2.0.png,0.4738273620605469,0.17666244506835938,0.2971649169921875,0.1856231689453125,0.2793617248535156,0.17666244506835938
2076_0.85_1.77.png,0.1653594970703125,-0.011638641357421875,0.17699813842773438,-0.010227203369140625,0.015262603759765625,-0.011638641357421875
2081_0.8_1.57.png,0.20154953002929688,0.079742431640625,0.12180709838867188,0.0647735595703125,0.048004150390625,0.079742431640625
2090_0.94_0.78.png,0.09910964965820312,-0.09235000610351562,0.19145965576171875,-0.08038711547851562,-0.07115554809570312,-0.09235000610351562
2091_0.7_0.84.png,0.16084671020507812,-0.12034225463867188,0.28118896484375,-0.0941162109375,0.003021240234375,-0.12034225463867188
2093_0.79_1.1.png,0.087677001953125,-0.0850830078125,0.172760009765625,0.013896942138671875,-0.008327484130859375,-0.0850830078125
2094_0.56_1.05.png,0.19926834106445312,-0.00977325439453125,0.20904159545898438,0.155914306640625,0.07666015625,-0.00977325439453125
2095_0.85_1.67.png,0.07147216796875,-0.04864501953125,0.1201171875,-0.00542449951171875,-0.0103912353515625,-0.04864501953125
2100_0.76_0.76.png,0.09059524536132812,0.07164382934570312,0.018951416015625,0.08532333374023438,0.10839080810546875,0.07164382934570312
2106_0.53_0.55.png,0.10260009765625,-0.014434814453125,0.117034912109375,0.058315277099609375,0.1143798828125,-0.014434814453125
2113_0.55_1.43.png,0.3096466064453125,-0.06334304809570312,0.3729896545410156,-0.05406951904296875,-0.00286102294921875,-0.06334304809570312
2115_0.75_1.52.png,0.3551483154296875,-0.0435028076171875,0.398651123046875,-0.03722381591796875,-0.0174713134765625,-0.0435028076171875
2116_0.73_1.74.png,0.3452911376953125,-0.053615570068359375,0.3989067077636719,-0.04644775390625,-0.020580291748046875,-0.053615570068359375
211_0.63_0.82.png,-0.2862205505371094,0.025699615478515625,-0.311920166015625,0.0290679931640625,0.001750946044921875,0.025699615478515625
2126_0.75_0.91.png,0.5004653930664062,0.0774688720703125,0.42299652099609375,0.09328460693359375,0.19781875610351562,0.0774688720703125
2129_0.8_0.51.png,-0.1149444580078125,0.0596466064453125,-0.174591064453125,0.044116973876953125,0.017730712890625,0.0596466064453125
2135_0.51_1.0.png,0.10233688354492188,-0.0260772705078125,0.12841415405273438,0.002620697021484375,0.039520263671875,-0.0260772705078125
2137_0.57_1.38.png,0.6956520080566406,0.19305038452148438,0.5026016235351562,0.19295501708984375,0.21934127807617188,0.19305038452148438
2144_0.54_1.03.png,0.572509765625,0.0260162353515625,0.5464935302734375,0.07450485229492188,0.16481781005859375,0.0260162353515625
214_0.82_1.6.png,-0.01581573486328125,-0.0956878662109375,0.07987213134765625,-0.0723114013671875,-0.08007049560546875,-0.0956878662109375
2152_0.55_1.31.png,-0.10817337036132812,0.1630706787109375,-0.2712440490722656,0.16497039794921875,0.141754150390625,0.1630706787109375
2154_0.65_1.47.png,0.4975128173828125,0.0192413330078125,0.478271484375,0.04491424560546875,0.06334304809570312,0.0192413330078125
2162_0.63_1.79.png,0.46781158447265625,0.08633041381835938,0.3814811706542969,0.10370635986328125,0.124664306640625,0.08633041381835938
2169_0.78_0.79.png,-0.2960205078125,-0.19223403930664062,-0.10378646850585938,-0.235595703125,-0.2249298095703125,-0.19223403930664062
2171_0.57_1.74.png,0.04940032958984375,-0.06137847900390625,0.11077880859375,-0.0698394775390625,-0.0653076171875,-0.06137847900390625
2174_0.88_0.84.png,0.05438232421875,0.05722808837890625,-0.00284576416015625,0.09832382202148438,0.09256362915039062,0.05722808837890625
2177_1.0_1.8.png,0.173248291015625,0.10797500610351562,0.06527328491210938,0.10052108764648438,0.11214065551757812,0.10797500610351562
2184_0.86_1.39.png,0.007022857666015625,-0.163055419921875,0.17007827758789062,-0.21179580688476562,-0.1475372314453125,-0.163055419921875
2185_0.57_1.6.png,-0.03995513916015625,-0.10608673095703125,0.066131591796875,-0.11647415161132812,-0.1016845703125,-0.10608673095703125
218_0.71_1.25.png,-0.527679443359375,-0.16303634643554688,-0.3646430969238281,-0.22289657592773438,-0.23163604736328125,-0.16303634643554688
2190_0.51_0.51.png,-0.40373992919921875,0.07780838012695312,-0.4815483093261719,-0.012920379638671875,-0.00891876220703125,0.07780838012695312
2193_0.55_1.89.png,0.011936187744140625,-0.07390594482421875,0.08584213256835938,-0.11434173583984375,-0.11980056762695312,-0.07390594482421875
2196_0.72_0.83.png,0.08914566040039062,-0.11205291748046875,0.20119857788085938,-0.14304351806640625,-0.11566925048828125,-0.11205291748046875
2203_0.58_1.48.png,-0.1284027099609375,-0.05816650390625,-0.0702362060546875,-0.09243392944335938,-0.0653076171875,-0.05816650390625
2204_0.99_1.22.png,-0.16889572143554688,-0.19721603393554688,0.0283203125,-0.21812820434570312,-0.1934051513671875,-0.19721603393554688
2206_0.7_1.0.png,0.09168243408203125,-0.21426773071289062,0.3059501647949219,-0.2134857177734375,-0.145843505859375,-0.21426773071289062
2208_0.72_0.51.png,0.08364105224609375,-0.2761726379394531,0.3598136901855469,-0.26982879638671875,-0.2715415954589844,-0.2761726379394531
220_0.56_1.69.png,-0.5272216796875,-0.15696334838867188,-0.3702583312988281,-0.19873809814453125,-0.21538162231445312,-0.15696334838867188
2216_0.58_1.17.png,0.22849273681640625,0.05175018310546875,0.1767425537109375,0.057159423828125,0.0596923828125,0.05175018310546875
2217_0.57_1.84.png,0.190155029296875,-0.016216278076171875,0.20637130737304688,0.033206939697265625,0.03458404541015625,-0.016216278076171875
2234_0.76_1.1.png,-0.001888275146484375,0.000698089599609375,-0.00258636474609375,0.0120391845703125,-0.029956817626953125,0.000698089599609375
2235_0.91_1.78.png,0.035152435302734375,0.010986328125,0.024166107177734375,0.014556884765625,0.01113128662109375,0.010986328125
2242_0.99_1.49.png,-0.07867050170898438,-0.057575225830078125,-0.02109527587890625,-0.048702239990234375,-0.0371551513671875,-0.057575225830078125
2252_0.79_0.97.png,-0.004169464111328125,0.053409576416015625,-0.05757904052734375,0.03498077392578125,0.048015594482421875,0.053409576416015625
2253_0.9_0.97.png,-0.05010986328125,0.003780364990234375,-0.053890228271484375,-0.00756072998046875,-0.006866455078125,0.003780364990234375
2254_0.99_0.51.png,-0.07747268676757812,-0.0457916259765625,-0.031681060791015625,-0.020542144775390625,-0.039661407470703125,-0.0457916259765625
2258_0.96_0.94.png,0.056240081787109375,-0.06090545654296875,0.11714553833007812,-0.06136322021484375,-0.06116485595703125,-0.06090545654296875
2268_0.66_1.84.png,-0.00707244873046875,-0.02374267578125,0.01667022705078125,0.0335693359375,0.017002105712890625,-0.02374267578125
2269_0.52_1.13.png,0.1434478759765625,-0.04755401611328125,0.19100189208984375,0.09512710571289062,0.0435943603515625,-0.04755401611328125
226_0.56_0.7.png,-0.25989532470703125,-0.05992889404296875,-0.1999664306640625,-0.07645416259765625,-0.13609695434570312,-0.05992889404296875
2283_0.58_1.18.png,0.3032341003417969,0.00372314453125,0.2995109558105469,0.04442596435546875,0.067626953125,0.00372314453125
2287_0.52_0.93.png,-0.0955047607421875,-0.050151824951171875,-0.045352935791015625,0.06273269653320312,-0.02484893798828125,-0.050151824951171875
2288_0.81_1.07.png,-0.03249359130859375,-0.043964385986328125,0.011470794677734375,-0.00211334228515625,-0.02213287353515625,-0.043964385986328125
2289_0.83_1.86.png,0.020206451416015625,-0.03485107421875,0.055057525634765625,-0.028003692626953125,-0.015476226806640625,-0.03485107421875
2294_1.0_1.16.png,-0.13953399658203125,-0.11171340942382812,-0.027820587158203125,-0.12911605834960938,-0.17111968994140625,-0.11171340942382812
2299_0.98_1.19.png,-0.097015380859375,-0.021022796630859375,-0.07599258422851562,-0.05107879638671875,-0.06834793090820312,-0.021022796630859375
2308_0.76_0.92.png,0.3712310791015625,-0.00093841552734375,0.37216949462890625,0.0233612060546875,0.030567169189453125,-0.00093841552734375
230_0.98_1.69.png,-0.14934921264648438,-0.13833999633789062,-0.01100921630859375,-0.1382904052734375,-0.14075851440429688,-0.13833999633789062
2311_0.83_1.77.png,-0.24499130249023438,-0.23696136474609375,-0.008029937744140625,-0.2994194030761719,-0.2710151672363281,-0.23696136474609375
231_0.77_0.73.png,-0.008129119873046875,0.027629852294921875,-0.03575897216796875,0.010089874267578125,0.020294189453125,0.027629852294921875
2320_0.98_0.73.png,0.42232513427734375,0.22659683227539062,0.19572830200195312,0.2532997131347656,0.2832794189453125,0.22659683227539062
2326_0.78_0.7.png,-0.40389251708984375,-0.15552139282226562,-0.24837112426757812,-0.18808746337890625,-0.22101593017578125,-0.15552139282226562
232_0.56_1.2.png,-0.2974052429199219,-0.25298309326171875,-0.044422149658203125,-0.23105621337890625,-0.25949859619140625,-0.25298309326171875
2335_0.51_0.53.png,-0.034786224365234375,0.19592666625976562,-0.230712890625,0.236053466796875,0.12501907348632812,0.19592666625976562
2339_0.59_1.55.png,0.2787933349609375,-0.22125244140625,0.5000457763671875,-0.20113754272460938,-0.0457916259765625,-0.22125244140625
2344_0.82_1.64.png,0.059417724609375,0.003078460693359375,0.056339263916015625,-0.020488739013671875,0.0226593017578125,0.003078460693359375
2350_0.56_1.41.png,-0.48241424560546875,-0.19786453247070312,-0.2845497131347656,-0.3059539794921875,-0.36661529541015625,-0.19786453247070312
2355_0.87_1.85.png,-0.020946502685546875,-0.0103302001953125,-0.010616302490234375,-0.028728485107421875,-0.004314422607421875,-0.0103302001953125
235_0.63_1.62.png,0.10087203979492188,-0.08478164672851562,0.1856536865234375,-0.0392303466796875,-0.035552978515625,-0.08478164672851562
2364_0.67_1.98.png,0.3997688293457031,0.026866912841796875,0.37290191650390625,0.045166015625,0.1061248779296875,0.026866912841796875
2374_0.99_0.8.png,0.017688751220703125,0.021060943603515625,-0.0033721923828125,0.0188446044921875,0.019184112548828125,0.021060943603515625
2375_0.75_1.0.png,0.25022125244140625,-0.02587127685546875,0.276092529296875,0.00542449951171875,0.042938232421875,-0.02587127685546875
2387_0.86_1.11.png,0.03173828125,0.024139404296875,0.007598876953125,-0.036590576171875,0.0197906494140625,0.024139404296875
2397_0.64_0.76.png,0.10310745239257812,-0.15627288818359375,0.2593803405761719,-0.05908966064453125,-0.10053634643554688,-0.15627288818359375
2399_0.68_0.89.png,0.015777587890625,-0.16237258911132812,0.17815017700195312,-0.09735107421875,-0.07045745849609375,-0.16237258911132812
23_0.83_1.63.png,-0.012905120849609375,-0.037929534912109375,0.0250244140625,-0.03203582763671875,-0.03535652160644531,-0.037929534912109375
2404_0.65_1.05.png,-0.5549774169921875,-0.19925308227539062,-0.3557243347167969,-0.221923828125,-0.22356033325195312,-0.19925308227539062
240_0.87_1.37.png,-0.06756591796875,0.0202178955078125,-0.0877838134765625,-0.023677825927734375,-0.02545166015625,0.0202178955078125
2411_0.81_0.52.png,0.21429443359375,0.06615447998046875,0.14813995361328125,0.08425521850585938,0.08965301513671875,0.06615447998046875
2423_0.58_1.14.png,0.01198577880859375,-0.08390045166015625,0.09588623046875,-0.09456253051757812,-0.12874984741210938,-0.08390045166015625
2426_0.69_1.53.png,-0.16910171508789062,-0.027210235595703125,-0.1418914794921875,-0.050533294677734375,-0.12829971313476562,-0.027210235595703125
2427_0.71_0.9.png,-0.10894775390625,0.18174362182617188,-0.2906913757324219,0.11851119995117188,0.14978408813476562,0.18174362182617188
242_0.69_1.56.png,0.040393829345703125,-0.08272933959960938,0.1231231689453125,-0.09043502807617188,-0.08465385437011719,-0.08272933959960938
2431_0.95_1.53.png,0.015819549560546875,-0.014011383056640625,0.0298309326171875,-0.018192291259765625,-0.01415252685546875,-0.014011383056640625
2439_0.56_0.86.png,0.4852867126464844,-0.10854339599609375,0.5938301086425781,-0.024509429931640625,0.01473236083984375,-0.10854339599609375
2441_0.74_1.28.png,0.375732421875,0.09643936157226562,0.2792930603027344,-0.002429962158203125,0.1482696533203125,0.09643936157226562
2445_0.77_1.63.png,-0.11684036254882812,-0.01371002197265625,-0.10313034057617188,-0.0108642578125,-0.0487213134765625,-0.01371002197265625
2448_0.65_1.88.png,-0.229034423828125,-0.02114105224609375,-0.20789337158203125,-0.024738311767578125,-0.040660858154296875,-0.02114105224609375
244_0.79_0.78.png,0.08138656616210938,-0.07082748413085938,0.15221405029296875,-0.09339141845703125,-0.08744049072265625,-0.07082748413085938
2452_0.96_0.86.png,0.03502655029296875,-0.0201873779296875,0.05521392822265625,-0.011623382568359375,0.003040313720703125,-0.0201873779296875
245_0.79_1.53.png,-0.18951416015625,-0.16862106323242188,-0.020893096923828125,-0.08404922485351562,-0.11572265625,-0.16862106323242188
2462_0.96_1.1.png,-0.015567779541015625,-0.0718841552734375,0.056316375732421875,-0.07184600830078125,-0.049282073974609375,-0.0718841552734375
2464_0.63_0.75.png,0.11959457397460938,-0.05702972412109375,0.17662429809570312,-0.035388946533203125,-0.022251129150390625,-0.05702972412109375
2467_0.62_0.72.png,0.26971435546875,-0.06842041015625,0.338134765625,0.1499786376953125,0.14846038818359375,-0.06842041015625
2478_0.61_1.85.png,0.24797821044921875,0.016536712646484375,0.23144149780273438,0.02108001708984375,-0.005828857421875,0.016536712646484375
2482_0.99_0.67.png,0.1389007568359375,0.0556640625,0.0832366943359375,0.07195281982421875,0.07770538330078125,0.0556640625
2483_0.82_1.17.png,0.08101654052734375,-0.0166473388671875,0.09766387939453125,0.037364959716796875,0.049175262451171875,-0.0166473388671875
2491_0.94_1.9.png,0.0762786865234375,0.0397186279296875,0.03656005859375,0.04526519775390625,0.04813385009765625,0.0397186279296875
2494_0.83_1.83.png,-0.04250335693359375,-0.06542205810546875,0.022918701171875,-0.0977935791015625,-0.10176467895507812,-0.06542205810546875
2495_0.61_0.72.png,0.153839111328125,0.0812835693359375,0.0725555419921875,0.2167205810546875,0.12321090698242188,0.0812835693359375
2504_0.91_1.76.png,-0.0829010009765625,-0.003162384033203125,-0.07973861694335938,-0.0152740478515625,-0.0067138671875,-0.003162384033203125
2518_0.67_1.1.png,0.6451187133789062,0.15033340454101562,0.4947853088378906,0.15201568603515625,0.1564178466796875,0.15033340454101562
251_0.5_1.61.png,-0.3748130798339844,-0.0078887939453125,-0.3669242858886719,0.018726348876953125,0.016590118408203125,-0.0078887939453125
2526_0.87_1.88.png,0.07715415954589844,0.008462905883789062,0.06869125366210938,-0.010503768920898438,0.030828475952148438,0.008462905883789062
2542_0.7_1.52.png,0.11414718627929688,-0.04750823974609375,0.16165542602539062,0.03448486328125,0.02339935302734375,-0.04750823974609375
2549_0.61_1.7.png,0.0398101806640625,-0.3079948425292969,0.3478050231933594,-0.259185791015625,-0.24528121948242188,-0.3079948425292969
2552_0.55_0.61.png,0.3492317199707031,-0.24747848510742188,0.596710205078125,-0.17702102661132812,0.041004180908203125,-0.24747848510742188
2556_0.89_1.72.png,0.037349700927734375,-0.03110504150390625,0.06845474243164062,-0.018222808837890625,-0.01244354248046875,-0.03110504150390625
2557_0.84_0.68.png,0.19392013549804688,0.08028030395507812,0.11363983154296875,0.155975341796875,0.16884231567382812,0.08028030395507812
2560_0.8_1.36.png,-0.08121109008789062,-0.1130523681640625,0.031841278076171875,-0.18163681030273438,-0.10959243774414062,-0.1130523681640625
2561_0.98_0.54.png,0.0740814208984375,-0.015605926513671875,0.08968734741210938,-0.011993408203125,0.007015228271484375,-0.015605926513671875
256_0.94_1.27.png,0.06464767456054688,0.01529693603515625,0.049350738525390625,0.03543853759765625,0.03682708740234375,0.01529693603515625
2572_0.54_1.3.png,-0.5438766479492188,0.039455413818359375,-0.5833320617675781,0.00392913818359375,0.033771514892578125,0.039455413818359375
2583_0.66_0.66.png,0.08611679077148438,-0.43093109130859375,0.5170478820800781,-0.477294921875,-0.4983711242675781,-0.43093109130859375
2585_0.76_1.09.png,-0.0714569091796875,-0.0143280029296875,-0.05712890625,0.07429885864257812,0.06415176391601562,-0.0143280029296875
2601_0.9_1.5.png,-0.1566925048828125,-0.08312225341796875,-0.07357025146484375,-0.06467437744140625,-0.07375335693359375,-0.08312225341796875
2602_0.79_0.82.png,-0.2152252197265625,-0.07492828369140625,-0.14029693603515625,-0.02222442626953125,-0.05893707275390625,-0.07492828369140625
2603_0.94_1.62.png,-0.13253402709960938,-0.0856781005859375,-0.046855926513671875,-0.0800323486328125,-0.07854080200195312,-0.0856781005859375
2606_0.59_0.6.png,-0.01674652099609375,-0.06511688232421875,0.048370361328125,-0.15067672729492188,-0.08034896850585938,-0.06511688232421875
2612_0.52_1.14.png,-0.4888114929199219,-0.004512786865234375,-0.4842987060546875,-0.0066375732421875,-0.07328414916992188,-0.004512786865234375
2619_0.78_1.48.png,0.16730880737304688,-0.016117095947265625,0.1834259033203125,-0.002857208251953125,-0.016162872314453125,-0.016117095947265625
2629_0.52_1.35.png,0.6606636047363281,0.20862960815429688,0.45203399658203125,0.3163909912109375,0.3284454345703125,0.20862960815429688
2631_0.81_1.01.png,0.428253173828125,0.054355621337890625,0.3738975524902344,0.08501815795898438,0.16822433471679688,0.054355621337890625
2635_0.98_1.78.png,-0.056964874267578125,-0.053375244140625,-0.003589630126953125,-0.08343124389648438,-0.041107177734375,-0.053375244140625
2643_0.94_1.45.png,0.058170318603515625,-0.03270721435546875,0.09087753295898438,-0.040630340576171875,-0.06542587280273438,-0.03270721435546875
2650_0.65_0.93.png,0.5490264892578125,0.000762939453125,0.5482635498046875,0.059844970703125,0.056072235107421875,0.000762939453125
2656_0.85_0.67.png,0.04822540283203125,-0.06468582153320312,0.11291122436523438,0.016937255859375,0.011852264404296875,-0.06468582153320312
2657_0.81_1.67.png,0.1669769287109375,0.0472412109375,0.1197357177734375,0.0759429931640625,0.04866790771484375,0.0472412109375
265_0.84_1.28.png,0.2329559326171875,0.09258270263671875,0.14037322998046875,0.09749412536621094,0.10033416748046875,0.09258270263671875
2666_0.65_1.42.png,0.09158706665039062,-0.06470870971679688,0.1562957763671875,-0.12432098388671875,-0.1471099853515625,-0.06470870971679688
2669_0.51_1.79.png,-0.060352325439453125,0.031772613525390625,-0.09212493896484375,0.040802001953125,0.013042449951171875,0.031772613525390625
2670_0.93_1.49.png,0.07136154174804688,0.01560211181640625,0.055759429931640625,0.020954132080078125,0.012851715087890625,0.01560211181640625
2674_0.84_1.83.png,0.05677032470703125,0.064056396484375,-0.00728607177734375,0.08329010009765625,0.058658599853515625,0.064056396484375
2678_0.66_1.48.png,0.34940338134765625,-0.052570343017578125,0.4019737243652344,-0.004558563232421875,0.017963409423828125,-0.052570343017578125
2684_0.56_0.96.png,0.2755889892578125,-0.39543914794921875,0.6710281372070312,-0.26287078857421875,-0.27031707763671875,-0.39543914794921875
2686_0.69_1.44.png,-0.09642791748046875,-0.07052993774414062,-0.025897979736328125,-0.07987213134765625,-0.0990142822265625,-0.07052993774414062
2693_0.69_0.91.png,-0.5190620422363281,-0.2707405090332031,-0.248321533203125,-0.19799423217773438,-0.30298614501953125,-0.2707405090332031
2695_0.53_1.16.png,-0.4422035217285156,-0.23138427734375,-0.21081924438476562,-0.1333465576171875,-0.17990875244140625,-0.23138427734375
2697_0.88_1.15.png,-0.22081756591796875,-0.11673355102539062,-0.10408401489257812,-0.10327529907226562,-0.09396743774414062,-0.11673355102539062
26_0.91_0.86.png,0.06247901916503906,0.08314704895019531,-0.02066802978515625,0.04967308044433594,0.050601959228515625,0.08314704895019531
2700_0.59_1.66.png,-0.5443038940429688,-0.240631103515625,-0.30367279052734375,-0.23949813842773438,-0.27864837646484375,-0.240631103515625
2707_0.61_1.6.png,0.1837921142578125,0.050701141357421875,0.13309097290039062,0.08499526977539062,0.10422897338867188,0.050701141357421875
270_0.91_1.74.png,0.24295806884765625,0.19441986083984375,0.0485382080078125,0.20807647705078125,0.20045852661132812,0.19441986083984375
2713_0.86_1.67.png,-0.0020904541015625,-0.01012420654296875,0.00803375244140625,0.010471343994140625,-0.0294036865234375,-0.01012420654296875
2723_0.58_0.94.png,0.08118820190429688,-0.0130615234375,0.09424972534179688,0.01450347900390625,0.06542205810546875,-0.0130615234375
2729_0.71_1.51.png,0.4777984619140625,0.10663604736328125,0.37116241455078125,0.12324905395507812,0.09428024291992188,0.10663604736328125
272_0.51_1.57.png,-0.11822509765625,-0.16084671020507812,0.042621612548828125,-0.052165985107421875,-0.0465850830078125,-0.16084671020507812
2731_0.92_1.46.png,0.1804656982421875,0.021091461181640625,0.15937423706054688,0.03844451904296875,0.07352447509765625,0.021091461181640625
2734_0.94_0.69.png,0.1337127685546875,0.044597625732421875,0.08911514282226562,0.026172637939453125,0.057338714599609375,0.044597625732421875
2741_0.63_1.66.png,0.08118438720703125,-0.0007476806640625,0.08193206787109375,-0.025928497314453125,-0.070587158203125,-0.0007476806640625
2742_0.91_1.41.png,-0.085693359375,-0.0673980712890625,-0.0182952880859375,-0.08485031127929688,-0.08837127685546875,-0.0673980712890625
2745_0.86_1.94.png,0.09209442138671875,-0.040042877197265625,0.13213729858398438,-0.03936004638671875,-0.029483795166015625,-0.040042877197265625
2747_0.87_1.0.png,0.09756851196289062,-0.021209716796875,0.11877822875976562,-0.01689910888671875,-0.00260162353515625,-0.021209716796875
2755_0.99_0.79.png,-0.033447265625,-0.0772552490234375,0.0438079833984375,-0.07506561279296875,-0.11379241943359375,-0.0772552490234375
2761_0.56_0.8.png,-0.004474639892578125,-0.16637420654296875,0.16189956665039062,-0.165008544921875,-0.1522674560546875,-0.16637420654296875
2765_0.99_1.15.png,-0.008625030517578125,-0.0321502685546875,0.023525238037109375,-0.041049957275390625,-0.06269073486328125,-0.0321502685546875
2770_0.77_1.63.png,0.17928314208984375,-0.026653289794921875,0.20593643188476562,-0.02678680419921875,-0.031246185302734375,-0.026653289794921875
2776_0.64_1.73.png,0.4868812561035156,0.038482666015625,0.4483985900878906,0.056667327880859375,0.05800628662109375,0.038482666015625
2781_0.6_1.1.png,0.3623924255371094,-0.0213470458984375,0.3837394714355469,-0.003993988037109375,-0.00925445556640625,-0.0213470458984375
2782_0.87_0.69.png,0.19517898559570312,-0.06829833984375,0.2634773254394531,-0.050388336181640625,-0.051513671875,-0.06829833984375
2787_0.55_1.38.png,0.518310546875,-0.12392425537109375,0.6422348022460938,-0.06460952758789062,-0.09795761108398438,-0.12392425537109375
2788_0.73_1.62.png,0.2597770690917969,-0.10971450805664062,0.3694915771484375,-0.08819580078125,-0.07121658325195312,-0.10971450805664062
2790_0.56_1.84.png,-0.4708404541015625,-0.015308380126953125,-0.4555320739746094,-0.040920257568359375,-0.048366546630859375,-0.015308380126953125
2792_0.52_0.69.png,-0.5547828674316406,0.14702987670898438,-0.701812744140625,0.07183456420898438,0.12728118896484375,0.14702987670898438
2793_0.73_0.79.png,0.07083511352539062,-0.0597686767578125,0.13060379028320312,0.022693634033203125,-0.004985809326171875,-0.0597686767578125
2796_0.8_1.44.png,0.3453636169433594,-0.036777496337890625,0.38214111328125,-0.01016998291015625,-0.029266357421875,-0.036777496337890625
2798_0.77_1.6.png,0.15316390991210938,-0.0587158203125,0.21187973022460938,-0.0908050537109375,-0.064208984375,-0.0587158203125
2799_0.58_0.59.png,-0.4396400451660156,-0.0615692138671875,-0.3780708312988281,-0.21916961669921875,-0.14757919311523438,-0.0615692138671875
27_0.89_0.7.png,0.016017913818359375,0.044681549072265625,-0.02866363525390625,-0.001232147216796875,0.020664215087890625,0.044681549072265625
2801_0.81_1.57.png,0.058929443359375,-0.06174468994140625,0.12067413330078125,-0.055328369140625,-0.053577423095703125,-0.06174468994140625
2810_0.92_1.07.png,0.24457931518554688,0.18669891357421875,0.057880401611328125,0.2220916748046875,0.1576995849609375,0.18669891357421875
2813_0.71_1.07.png,0.32172393798828125,0.081298828125,0.24042510986328125,0.12794876098632812,0.139892578125,0.081298828125
2815_0.54_0.81.png,-0.1314849853515625,0.021274566650390625,-0.15275955200195312,-0.061412811279296875,0.050090789794921875,0.021274566650390625
2821_0.92_1.5.png,0.2271728515625,0.11243438720703125,0.11473846435546875,0.1279449462890625,0.11935043334960938,0.11243438720703125
2822_0.83_0.63.png,0.04035186767578125,0.03485870361328125,0.0054931640625,0.04500579833984375,0.02812957763671875,0.03485870361328125
2830_0.75_1.22.png,0.06594085693359375,-0.03868865966796875,0.1046295166015625,3.814697265625e-06,0.007228851318359375,-0.03868865966796875
2832_0.52_0.53.png,-0.3034515380859375,0.02474212646484375,-0.32819366455078125,0.07978439331054688,0.11566925048828125,0.02474212646484375
2833_0.66_0.5.png,0.37471771240234375,0.10084152221679688,0.2738761901855469,0.2685546875,0.195953369140625,0.10084152221679688
2836_0.86_1.64.png,0.13968658447265625,-0.0200347900390625,0.15972137451171875,-0.0309295654296875,-0.009521484375,-0.0200347900390625
2840_0.79_0.79.png,0.1427154541015625,-0.008556365966796875,0.15127182006835938,0.0806121826171875,0.02382659912109375,-0.008556365966796875
2843_0.7_0.5.png,0.3228721618652344,0.037235260009765625,0.28563690185546875,0.18756484985351562,0.08020401000976562,0.037235260009765625
2848_0.64_1.91.png,-0.10786819458007812,-0.088897705078125,-0.018970489501953125,-0.13581466674804688,-0.156005859375,-0.088897705078125
2849_0.55_1.18.png,0.18990325927734375,-0.019519805908203125,0.20942306518554688,-0.0137481689453125,0.008819580078125,-0.019519805908203125
2852_0.56_0.74.png,0.4261894226074219,0.038936614990234375,0.3872528076171875,0.06981658935546875,0.09810256958007812,0.038936614990234375
2854_0.79_1.87.png,0.16573715209960938,0.014545440673828125,0.15119171142578125,0.023578643798828125,0.03939056396484375,0.014545440673828125
2858_0.6_1.11.png,0.357391357421875,0.0283355712890625,0.3290557861328125,0.10565948486328125,0.08670425415039062,0.0283355712890625
2864_0.5_1.92.png,-0.579010009765625,-0.10440826416015625,-0.47460174560546875,-0.21003341674804688,-0.3379402160644531,-0.10440826416015625
2868_0.72_1.69.png,-0.13515472412109375,-0.03504180908203125,-0.1001129150390625,-0.053974151611328125,-0.07704544067382812,-0.03504180908203125
2870_0.82_1.39.png,0.21670150756835938,0.20428848266601562,0.01241302490234375,0.25188446044921875,0.225982666015625,0.20428848266601562
2871_0.76_1.43.png,-0.071044921875,0.0408477783203125,-0.1118927001953125,0.07752227783203125,0.031147003173828125,0.0408477783203125
2872_0.75_1.98.png,0.01955413818359375,0.07648468017578125,-0.0569305419921875,0.11954116821289062,0.08154296875,0.07648468017578125
2873_0.61_1.84.png,0.24231338500976562,-0.16759109497070312,0.40990447998046875,-0.18610382080078125,-0.14947891235351562,-0.16759109497070312
2880_0.9_0.87.png,-0.2205352783203125,-0.18466949462890625,-0.03586578369140625,-0.276275634765625,-0.21018218994140625,-0.18466949462890625
2889_0.82_0.62.png,0.16184234619140625,0.028072357177734375,0.13376998901367188,0.055088043212890625,0.09571456909179688,0.028072357177734375
2891_0.75_1.3.png,-0.20451736450195312,-0.08380889892578125,-0.12070846557617188,-0.15350341796875,-0.20734024047851562,-0.08380889892578125
2892_0.76_0.56.png,0.26477813720703125,0.04364013671875,0.22113800048828125,0.1105804443359375,0.08472061157226562,0.04364013671875
2898_0.74_1.2.png,0.06830215454101562,-0.09659194946289062,0.16489410400390625,-0.05875396728515625,-0.086578369140625,-0.09659194946289062
2899_0.92_1.08.png,-0.060855865478515625,-0.1297149658203125,0.06885910034179688,-0.11978912353515625,-0.14650344848632812,-0.1297149658203125
2902_0.53_1.49.png,0.2518157958984375,-0.1371002197265625,0.388916015625,-0.049221038818359375,0.06124114990234375,-0.1371002197265625
2914_0.61_1.26.png,-0.15909576416015625,0.03748321533203125,-0.1965789794921875,0.0834503173828125,0.03509521484375,0.03748321533203125
2928_0.93_0.58.png,0.038585662841796875,0.09435653686523438,-0.0557708740234375,0.08177947998046875,0.063873291015625,0.09435653686523438
2931_0.79_1.74.png,-0.000530242919921875,-0.18465805053710938,0.1841278076171875,-0.11302947998046875,-0.07346343994140625,-0.18465805053710938
2932_0.9_0.96.png,-0.02166748046875,-0.02628326416015625,0.00461578369140625,-0.037891387939453125,-0.00209808349609375,-0.02628326416015625
2941_0.7_1.3.png,0.0824127197265625,0.044795989990234375,0.037616729736328125,0.076812744140625,0.08953475952148438,0.044795989990234375
2942_0.61_1.83.png,0.020294189453125,0.07770538330078125,-0.05741119384765625,0.09441375732421875,0.08589935302734375,0.07770538330078125
2944_0.81_1.6.png,0.0894775390625,0.033123016357421875,0.056354522705078125,0.05344390869140625,0.0363922119140625,0.033123016357421875
2953_0.65_1.26.png,-0.3923606872558594,-0.3471794128417969,-0.0451812744140625,-0.42012786865234375,-0.429229736328125,-0.3471794128417969
2959_0.85_0.71.png,0.12740325927734375,-0.00359344482421875,0.1309967041015625,0.07458114624023438,0.08184051513671875,-0.00359344482421875
2962_0.97_1.66.png,0.14478302001953125,0.09982681274414062,0.044956207275390625,0.12427902221679688,0.10833358764648438,0.09982681274414062
2968_0.58_1.48.png,0.12064361572265625,-0.079833984375,0.20047760009765625,-0.09930419921875,-0.08094406127929688,-0.079833984375
2970_0.99_1.7.png,0.03401947021484375,-0.026763916015625,0.06078338623046875,-0.01399993896484375,-0.024333953857421875,-0.026763916015625
2973_0.95_1.29.png,0.00211334228515625,-0.0256805419921875,0.02779388427734375,-0.06695938110351562,-0.032257080078125,-0.0256805419921875
2974_0.69_1.66.png,0.10449600219726562,0.012908935546875,0.09158706665039062,-0.022586822509765625,0.00608062744140625,0.012908935546875
2978_0.94_1.66.png,-0.007923126220703125,-0.1151275634765625,0.10720443725585938,-0.10654067993164062,-0.10906982421875,-0.1151275634765625
297_0.85_0.87.png,-0.4362144470214844,-0.3732109069824219,-0.0630035400390625,-0.3266334533691406,-0.3555908203125,-0.3732109069824219
2980_0.93_1.58.png,0.01380157470703125,-0.10378646850585938,0.11758804321289062,-0.09427261352539062,-0.07747268676757812,-0.10378646850585938
2982_0.94_1.69.png,0.08605575561523438,-0.010707855224609375,0.09676361083984375,-0.010467529296875,0.002613067626953125,-0.010707855224609375
2992_0.95_0.97.png,0.284942626953125,0.3133888244628906,-0.028446197509765625,0.21981048583984375,0.25942230224609375,0.3133888244628906
2997_0.78_0.54.png,-0.00597381591796875,0.180023193359375,-0.18599700927734375,0.1994781494140625,0.1922454833984375,0.180023193359375
29_0.91_1.09.png,-0.088104248046875,-0.150665283203125,0.06256103515625,-0.1298065185546875,-0.1217193603515625,-0.150665283203125
302_0.67_0.9.png,0.32857513427734375,0.10860824584960938,0.21996688842773438,0.12594985961914062,0.12475204467773438,0.10860824584960938
303_0.68_0.54.png,0.5102577209472656,0.16682815551757812,0.3434295654296875,0.19785308837890625,0.2247772216796875,0.16682815551757812
306_0.96_1.61.png,0.2230072021484375,0.14713287353515625,0.07587432861328125,0.14742279052734375,0.16478347778320312,0.14713287353515625
308_0.73_0.91.png,0.30078125,0.07146835327148438,0.22931289672851562,0.03247833251953125,0.10822677612304688,0.07146835327148438
312_0.97_0.58.png,0.14268112182617188,0.025974273681640625,0.11670684814453125,0.04697418212890625,0.006195068359375,0.025974273681640625
317_0.72_1.67.png,-0.3863945007324219,-0.14448165893554688,-0.241912841796875,-0.1481170654296875,-0.15952301025390625,-0.14448165893554688
31_0.54_1.13.png,-0.2765350341796875,-0.3738746643066406,0.09733963012695312,-0.33791351318359375,-0.3307762145996094,-0.3738746643066406
320_0.75_0.76.png,-0.22081375122070312,-0.00849151611328125,-0.21232223510742188,-0.017177581787109375,-0.03456878662109375,-0.00849151611328125
340_0.94_1.5.png,0.045742034912109375,0.035755157470703125,0.00998687744140625,0.05721282958984375,0.046596527099609375,0.035755157470703125
341_0.51_1.8.png,-0.52783203125,-0.2507057189941406,-0.2771263122558594,-0.24496841430664062,-0.25890350341796875,-0.2507057189941406
344_0.57_1.11.png,-0.4549140930175781,-0.113800048828125,-0.3411140441894531,-0.10105133056640625,-0.12066650390625,-0.113800048828125
345_0.95_1.78.png,-0.23565292358398438,-0.18618011474609375,-0.049472808837890625,-0.20749282836914062,-0.19958114624023438,-0.18618011474609375
351_0.6_1.91.png,-0.2585563659667969,-0.24068832397460938,-0.0178680419921875,-0.22967147827148438,-0.24045181274414062,-0.24068832397460938
356_0.65_0.6.png,0.2870330810546875,-0.02716827392578125,0.31420135498046875,-0.060161590576171875,-0.0057525634765625,-0.02716827392578125
379_0.78_0.78.png,-0.029888153076171875,0.1380462646484375,-0.16793441772460938,0.09673690795898438,0.11379241943359375,0.1380462646484375
380_0.72_1.62.png,-0.12449264526367188,0.00724029541015625,-0.13173294067382812,-0.019115447998046875,-0.029254913330078125,0.00724029541015625
387_0.94_1.5.png,0.34516143798828125,0.2190399169921875,0.12612152099609375,0.230072021484375,0.23118972778320312,0.2190399169921875
392_0.54_0.67.png,0.06272506713867188,0.086181640625,-0.023456573486328125,-0.0583343505859375,0.02439117431640625,0.086181640625
396_0.62_1.94.png,-0.4081306457519531,-0.19955825805664062,-0.2085723876953125,-0.22362899780273438,-0.22394943237304688,-0.19955825805664062
403_0.77_1.7.png,0.07913589477539062,-0.00640869140625,0.08554458618164062,-0.028102874755859375,0.00051116943359375,-0.00640869140625
409_0.87_1.96.png,0.018573760986328125,-0.0047397613525390625,0.023313522338867188,-0.030134201049804688,-0.017927169799804688,-0.0047397613525390625
412_0.53_1.77.png,0.2342243194580078,0.11923027038574219,0.11499404907226562,0.11033439636230469,0.10787391662597656,0.11923027038574219
413_0.96_1.25.png,0.10369300842285156,0.10737419128417969,-0.003681182861328125,0.08589744567871094,0.08595848083496094,0.10737419128417969
420_0.54_1.64.png,-0.2784423828125,-0.10874557495117188,-0.16969680786132812,-0.21880340576171875,-0.1859130859375,-0.10874557495117188
431_0.76_1.15.png,0.14101028442382812,-0.08809280395507812,0.22910308837890625,-0.08867263793945312,-0.10101318359375,-0.08809280395507812
451_0.68_1.78.png,0.24598312377929688,0.0670318603515625,0.17895126342773438,0.039928436279296875,0.0417633056640625,0.0670318603515625
460_0.74_1.47.png,-0.0432281494140625,0.004962921142578125,-0.048191070556640625,-0.06639480590820312,-0.06864166259765625,0.004962921142578125
464_0.71_1.41.png,0.5461158752441406,0.21927642822265625,0.3268394470214844,0.2384490966796875,0.24563217163085938,0.21927642822265625
470_0.8_0.94.png,0.014682769775390625,-0.03807830810546875,0.052761077880859375,-0.1028289794921875,-0.09770965576171875,-0.03807830810546875
471_0.9_1.29.png,0.040683746337890625,0.030731201171875,0.009952545166015625,-0.01074981689453125,-0.0108184814453125,0.030731201171875
472_0.68_1.63.png,0.10333633422851562,0.042858123779296875,0.06047821044921875,-0.011814117431640625,-0.013523101806640625,0.042858123779296875
476_0.69_0.56.png,-0.11873626708984375,0.0524749755859375,-0.17121124267578125,-0.00012969970703125,-0.007991790771484375,0.0524749755859375
477_0.53_0.7.png,0.29177093505859375,0.05157470703125,0.24019622802734375,0.07897186279296875,0.11174774169921875,0.05157470703125
478_0.53_0.59.png,0.23688125610351562,0.10282135009765625,0.13405990600585938,0.14751052856445312,0.22297286987304688,0.10282135009765625
479_0.58_1.54.png,0.29204559326171875,0.07880020141601562,0.21324539184570312,0.0779266357421875,0.10221099853515625,0.07880020141601562
47_0.86_1.82.png,-0.23021316528320312,-0.18290328979492188,-0.04730987548828125,-0.1801300048828125,-0.17813491821289062,-0.18290328979492188
492_0.61_1.32.png,-0.07422637939453125,-0.12549209594726562,0.051265716552734375,-0.10973167419433594,-0.1102294921875,-0.12549209594726562
502_0.56_1.0.png,-0.1207733154296875,-0.12117385864257812,0.000400543212890625,-0.072113037109375,-0.09761810302734375,-0.12117385864257812
504_0.77_1.55.png,-0.2519569396972656,-0.21863555908203125,-0.033321380615234375,-0.20318222045898438,-0.21649932861328125,-0.21863555908203125
510_0.57_0.99.png,0.11539459228515625,0.14352798461914062,-0.028133392333984375,0.1721038818359375,0.12153244018554688,0.14352798461914062
511_0.74_0.58.png,-0.16771316528320312,0.12451171875,-0.2922248840332031,-0.0168609619140625,0.0108184814453125,0.12451171875
513_0.64_0.75.png,-0.17917633056640625,-0.1775970458984375,-0.00157928466796875,-0.10161972045898438,-0.119598388671875,-0.1775970458984375
520_0.79_0.94.png,0.055477142333984375,-0.10774612426757812,0.1632232666015625,-0.14921951293945312,-0.11938095092773438,-0.10774612426757812
523_0.92_1.59.png,0.2942352294921875,0.1930103302001953,0.10122489929199219,0.2019672393798828,0.21077919006347656,0.1930103302001953
535_0.78_1.25.png,-0.3206024169921875,-0.05124664306640625,-0.26935577392578125,-0.08954620361328125,-0.12117385864257812,-0.05124664306640625
54_0.69_1.86.png,-0.3442230224609375,-0.3415718078613281,-0.002651214599609375,-0.32730865478515625,-0.3296241760253906,-0.3415718078613281
554_0.79_1.51.png,-0.04326629638671875,-0.10529327392578125,0.0620269775390625,-0.15659713745117188,-0.14475250244140625,-0.10529327392578125
556_0.86_1.79.png,-0.07450485229492188,-0.09932518005371094,0.024820327758789062,-0.1297168731689453,-0.12534523010253906,-0.09932518005371094
557_0.89_1.35.png,-0.2595939636230469,-0.21617507934570312,-0.04341888427734375,-0.21011734008789062,-0.22661972045898438,-0.21617507934570312
559_0.81_1.51.png,-0.2710304260253906,-0.32917022705078125,0.058139801025390625,-0.3186759948730469,-0.32100677490234375,-0.32917022705078125
564_0.52_1.02.png,-0.044857025146484375,-0.220062255859375,0.17520523071289062,-0.17374420166015625,-0.20566177368164062,-0.220062255859375
573_0.78_1.94.png,-0.14081954956054688,-0.1214599609375,-0.019359588623046875,-0.10892868041992188,-0.11390304565429688,-0.1214599609375
575_0.71_1.7.png,0.036533355712890625,0.13725662231445312,-0.1007232666015625,0.15326690673828125,0.141143798828125,0.13725662231445312
580_0.67_1.03.png,0.006183624267578125,-0.05727386474609375,0.06345748901367188,0.04339599609375,-0.0077056884765625,-0.05727386474609375
583_0.58_1.41.png,0.04049491882324219,0.00408172607421875,0.03641319274902344,0.011945724487304688,0.0070285797119140625,0.00408172607421875
587_0.8_0.51.png,-0.15457916259765625,-0.021240234375,-0.13333892822265625,-0.10997772216796875,-0.10210800170898438,-0.021240234375
58_0.53_0.53.png,0.2834587097167969,0.036472320556640625,0.24698638916015625,0.16431045532226562,0.15561294555664062,0.036472320556640625
595_0.78_1.11.png,0.08423995971679688,0.23614501953125,-0.15190505981445312,0.17644882202148438,0.23337554931640625,0.23614501953125
598_0.8_1.09.png,-0.24573516845703125,-0.23630142211914062,-0.009433746337890625,-0.3169822692871094,-0.3057746887207031,-0.23630142211914062
59_0.59_1.43.png,0.3185005187988281,0.19678878784179688,0.12171173095703125,0.24885940551757812,0.229888916015625,0.19678878784179688
603_0.67_1.99.png,-0.20349884033203125,-0.22823715209960938,0.024738311767578125,-0.183837890625,-0.20236968994140625,-0.22823715209960938
604_0.92_1.7.png,0.16408157348632812,0.14823532104492188,0.01584625244140625,0.21900558471679688,0.17205047607421875,0.14823532104492188
605_0.58_0.77.png,0.11652755737304688,-0.062046051025390625,0.1785736083984375,-0.012104034423828125,0.032665252685546875,-0.062046051025390625
609_0.58_1.34.png,-0.4315681457519531,-0.2001953125,-0.23137283325195312,-0.23892974853515625,-0.23546218872070312,-0.2001953125
613_0.54_0.81.png,0.26194000244140625,0.001598358154296875,0.2603416442871094,0.1334228515625,0.02220916748046875,0.001598358154296875
615_0.76_1.49.png,0.2589225769042969,0.1494293212890625,0.10949325561523438,0.18606948852539062,0.17901229858398438,0.1494293212890625
627_0.51_0.54.png,0.3734626770019531,-0.09401702880859375,0.4674797058105469,0.07305145263671875,0.013484954833984375,-0.09401702880859375
640_0.98_1.87.png,0.15854454040527344,0.13904571533203125,0.019498825073242188,0.12453079223632812,0.12204170227050781,0.13904571533203125
651_0.83_1.45.png,-0.4686470031738281,-0.2530097961425781,-0.21563720703125,-0.2907066345214844,-0.29416656494140625,-0.2530097961425781
674_0.93_0.72.png,-0.15252304077148438,-0.24885177612304688,0.0963287353515625,-0.1895904541015625,-0.14917373657226562,-0.24885177612304688
67_0.67_1.69.png,0.0142059326171875,0.014484405517578125,-0.000278472900390625,-0.028888702392578125,-0.0142059326171875,0.014484405517578125
682_0.64_0.76.png,-0.012805938720703125,-0.0740814208984375,0.061275482177734375,-0.053619384765625,-0.0006103515625,-0.0740814208984375
688_0.72_0.52.png,-0.24679183959960938,-0.23937225341796875,-0.007419586181640625,-0.15856170654296875,-0.21131515502929688,-0.23937225341796875
68_0.75_1.58.png,0.06940460205078125,0.05963134765625,0.00977325439453125,0.013031005859375,0.030139923095703125,0.05963134765625
695_0.53_0.7.png,0.738677978515625,0.2949867248535156,0.4436912536621094,0.28574371337890625,0.2957115173339844,0.2949867248535156
697_0.89_1.98.png,0.07680892944335938,-0.0006561279296875,0.07746505737304688,-0.000255584716796875,0.001583099365234375,-0.0006561279296875
698_0.55_1.7.png,0.676055908203125,0.34740447998046875,0.32865142822265625,0.3914146423339844,0.44284820556640625,0.34740447998046875
69_0.76_0.64.png,-0.371917724609375,-0.10398483276367188,-0.2679328918457031,-0.13432693481445312,-0.16048812866210938,-0.10398483276367188
6_0.57_0.6.png,0.0369415283203125,0.01158905029296875,0.02535247802734375,0.1122589111328125,0.0872039794921875,0.01158905029296875
701_0.62_0.85.png,-0.19964981079101562,-0.0795440673828125,-0.12010574340820312,-0.11687469482421875,-0.109375,-0.0795440673828125
70_0.78_1.4.png,0.044834136962890625,0.10425567626953125,-0.059421539306640625,0.09489059448242188,0.07785797119140625,0.10425567626953125
720_0.62_1.27.png,0.3787269592285156,0.16776275634765625,0.21096420288085938,0.226165771484375,0.19680023193359375,0.16776275634765625
731_0.85_1.53.png,-0.189971923828125,-0.13896942138671875,-0.05100250244140625,-0.15593338012695312,-0.15491104125976562,-0.13896942138671875
733_0.81_1.12.png,-0.0928192138671875,-0.14203262329101562,0.049213409423828125,-0.15847396850585938,-0.13537216186523438,-0.14203262329101562
738_0.93_1.46.png,0.0279693603515625,-0.03179168701171875,0.05976104736328125,-0.047931671142578125,-0.057292938232421875,-0.03179168701171875
739_0.97_1.72.png,-0.0019283294677734375,-0.04607200622558594,0.0441436767578125,-0.05627250671386719,-0.060924530029296875,-0.04607200622558594
748_0.79_0.91.png,0.12525558471679688,0.009944915771484375,0.1153106689453125,-0.02045440673828125,-0.01657867431640625,0.009944915771484375
749_0.79_1.11.png,-0.041553497314453125,-0.0651702880859375,0.023616790771484375,-0.11227798461914062,-0.0774383544921875,-0.0651702880859375
751_0.7_1.66.png,0.07316970825195312,0.045711517333984375,0.02745819091796875,0.00904083251953125,0.00717926025390625,0.045711517333984375
758_0.54_1.45.png,0.3266868591308594,0.14728164672851562,0.17940521240234375,0.12633514404296875,0.14748382568359375,0.14728164672851562
75_0.61_0.9.png,0.4454345703125,-0.00508880615234375,0.45052337646484375,0.00638580322265625,0.004344940185546875,-0.00508880615234375
762_0.76_1.45.png,-0.09891128540039062,-0.007358551025390625,-0.091552734375,-0.029598236083984375,-0.045013427734375,-0.007358551025390625
76_0.93_0.69.png,0.1377716064453125,-0.022953033447265625,0.16072463989257812,-0.006839752197265625,-0.030979156494140625,-0.022953033447265625
773_0.65_0.81.png,0.3906745910644531,0.10268402099609375,0.2879905700683594,0.0966949462890625,0.11959457397460938,0.10268402099609375
774_0.55_0.55.png,0.5509605407714844,0.00772857666015625,0.5432319641113281,0.00992584228515625,0.046630859375,0.00772857666015625
777_0.96_0.95.png,-0.23357009887695312,-0.12992477416992188,-0.10364532470703125,-0.15972518920898438,-0.17348861694335938,-0.12992477416992188
77_0.51_0.74.png,0.25469970703125,-0.047882080078125,0.302581787109375,0.01824951171875,-0.000743865966796875,-0.047882080078125
781_0.51_1.6.png,-1.040130615234375,-0.6418685913085938,-0.39826202392578125,-0.7047996520996094,-0.7700691223144531,-0.6418685913085938
783_0.77_1.38.png,0.023807525634765625,-0.057300567626953125,0.08110809326171875,-0.10089492797851562,-0.09018325805664062,-0.057300567626953125
785_0.71_1.08.png,0.6728897094726562,0.3540611267089844,0.3188285827636719,0.40525054931640625,0.4527130126953125,0.3540611267089844
787_0.88_0.71.png,0.4528770446777344,0.20106887817382812,0.25180816650390625,0.22496414184570312,0.2087554931640625,0.20106887817382812
788_0.91_1.66.png,0.2590789794921875,0.13662338256835938,0.12245559692382812,0.1464080810546875,0.15426254272460938,0.13662338256835938
791_0.89_1.37.png,0.18547439575195312,0.05200958251953125,0.13346481323242188,0.06983566284179688,0.046756744384765625,0.05200958251953125
793_0.71_0.66.png,-0.12192153930664062,-0.13208389282226562,0.010162353515625,-0.25791168212890625,-0.2632560729980469,-0.13208389282226562
799_0.65_0.7.png,0.2619171142578125,0.059356689453125,0.2025604248046875,0.20032119750976562,0.205474853515625,0.059356689453125
805_0.75_1.2.png,0.03414726257324219,0.04630279541015625,-0.012155532836914062,-0.0018062591552734375,-0.0037670135498046875,0.04630279541015625
806_0.93_1.51.png,0.03181648254394531,0.0024662017822265625,0.02935028076171875,-0.01235198974609375,-0.010585784912109375,0.0024662017822265625
808_0.74_0.67.png,-0.04573822021484375,-0.03017425537109375,-0.01556396484375,-0.10219192504882812,-0.1129150390625,-0.03017425537109375
80_0.99_1.95.png,0.2149658203125,0.15964126586914062,0.055324554443359375,0.16912269592285156,0.16633033752441406,0.15964126586914062
815_0.7_1.68.png,0.07028579711914062,0.001415252685546875,0.06887054443359375,0.02603912353515625,0.05033111572265625,0.001415252685546875
819_0.5_1.85.png,-0.42425537109375,-0.19631576538085938,-0.22793960571289062,-0.2756538391113281,-0.30268096923828125,-0.19631576538085938
81_0.94_0.63.png,0.08276748657226562,0.06443405151367188,0.01833343505859375,0.021800994873046875,0.07478713989257812,0.06443405151367188
825_0.61_0.94.png,0.2928657531738281,0.0098114013671875,0.2830543518066406,0.043704986572265625,0.05431365966796875,0.0098114013671875
827_0.72_1.56.png,0.20663833618164062,0.03827857971191406,0.16835975646972656,0.053249359130859375,0.05985260009765625,0.03827857971191406
830_0.87_0.66.png,-0.1453094482421875,-0.13574600219726562,-0.009563446044921875,-0.24277496337890625,-0.17848968505859375,-0.13574600219726562
833_0.95_1.89.png,0.15257644653320312,0.07401275634765625,0.07856369018554688,0.08842086791992188,0.0962677001953125,0.07401275634765625
839_0.77_1.34.png,0.18912696838378906,0.08710098266601562,0.10202598571777344,0.08661270141601562,0.08609199523925781,0.08710098266601562
848_0.71_0.58.png,-0.017566680908203125,-0.1241455078125,0.10657882690429688,-0.08195877075195312,-0.08785629272460938,-0.1241455078125
84_0.89_1.11.png,-0.05945587158203125,-0.06858062744140625,0.009124755859375,-0.06128692626953125,-0.049434661865234375,-0.06858062744140625
850_0.57_0.78.png,-0.3207817077636719,-0.18552780151367188,-0.13525390625,-0.0378875732421875,-0.105712890625,-0.18552780151367188
857_0.54_1.6.png,-0.19714736938476562,-0.040126800537109375,-0.15702056884765625,-0.040554046630859375,-0.027774810791015625,-0.040126800537109375
85_1.0_1.41.png,0.09148216247558594,0.062419891357421875,0.029062271118164062,0.06243324279785156,0.06339263916015625,0.062419891357421875
860_0.73_1.11.png,-0.12635421752929688,-0.037487030029296875,-0.0888671875,-0.034275054931640625,-0.020030975341796875,-0.037487030029296875
862_0.69_1.5.png,-0.44742584228515625,-0.22747421264648438,-0.21995162963867188,-0.2652473449707031,-0.2973670959472656,-0.22747421264648438
865_0.85_1.63.png,-0.0733642578125,0.017688751220703125,-0.09105300903320312,-0.00334930419921875,-0.0057220458984375,0.017688751220703125
869_0.66_1.74.png,0.521148681640625,0.24543380737304688,0.2757148742675781,0.3022422790527344,0.2691612243652344,0.24543380737304688
880_0.52_0.56.png,-0.47870635986328125,-0.29988861083984375,-0.1788177490234375,-0.5257034301757812,-0.4049835205078125,-0.29988861083984375
881_0.6_1.13.png,-0.4827232360839844,-0.06797409057617188,-0.4147491455078125,-0.06966400146484375,-0.1631317138671875,-0.06797409057617188
883_0.97_0.83.png,0.10631561279296875,0.11878585815429688,-0.012470245361328125,0.052371978759765625,0.11113357543945312,0.11878585815429688
886_0.89_0.98.png,-0.22698211669921875,0.021076202392578125,-0.24805831909179688,-0.001293182373046875,-0.026630401611328125,0.021076202392578125
890_0.68_0.92.png,0.2866325378417969,0.07956695556640625,0.20706558227539062,0.08342742919921875,0.103607177734375,0.07956695556640625
894_0.83_1.91.png,-0.031726837158203125,-0.057037353515625,0.025310516357421875,-0.0412445068359375,-0.050998687744140625,-0.057037353515625
895_0.54_1.27.png,-0.4913215637207031,-0.1787109375,-0.3126106262207031,-0.3667449951171875,-0.39867401123046875,-0.1787109375
899_0.93_1.74.png,-0.1148529052734375,-0.11313247680664062,-0.001720428466796875,-0.1291351318359375,-0.1129913330078125,-0.11313247680664062
916_0.57_1.61.png,-0.29593658447265625,-0.13974761962890625,-0.15618896484375,-0.19023895263671875,-0.1602630615234375,-0.13974761962890625
919_0.53_1.67.png,-0.8403968811035156,-0.4094696044921875,-0.4309272766113281,-0.4465827941894531,-0.4413185119628906,-0.4094696044921875
926_0.63_1.94.png,-0.06293106079101562,-0.019794464111328125,-0.0431365966796875,-0.045108795166015625,-0.031642913818359375,-0.019794464111328125
935_0.97_1.77.png,-0.3436851501464844,-0.30457305908203125,-0.039112091064453125,-0.27599334716796875,-0.2969551086425781,-0.30457305908203125
93_0.97_1.07.png,0.040332794189453125,-0.04039764404296875,0.08073043823242188,-0.034984588623046875,-0.036914825439453125,-0.04039764404296875
945_0.99_1.73.png,0.022792816162109375,0.00350189208984375,0.019290924072265625,-0.0034637451171875,-7.62939453125e-06,0.00350189208984375
94_0.62_1.46.png,0.3008003234863281,0.08426284790039062,0.2165374755859375,0.1045074462890625,0.08954238891601562,0.08426284790039062
950_0.79_1.26.png,-0.0957794189453125,-0.061046600341796875,-0.034732818603515625,-0.10913848876953125,-0.08385086059570312,-0.061046600341796875
957_0.81_1.94.png,0.15420913696289062,0.05176544189453125,0.10244369506835938,0.0638580322265625,0.0721282958984375,0.05176544189453125
95_0.85_1.33.png,0.01686859130859375,-0.088165283203125,0.10503387451171875,-0.08417510986328125,-0.07054519653320312,-0.088165283203125
965_0.67_1.91.png,-0.057342529296875,0.0201568603515625,-0.0774993896484375,0.004283905029296875,0.010044097900390625,0.0201568603515625
973_0.67_0.98.png,-0.19766998291015625,-0.12006378173828125,-0.077606201171875,-0.17182159423828125,-0.1360321044921875,-0.12006378173828125
974_0.77_1.14.png,-0.0640869140625,-0.04985809326171875,-0.01422882080078125,-0.05451202392578125,-0.04248046875,-0.04985809326171875
976_0.64_1.2.png,-0.0433349609375,-0.1031494140625,0.059814453125,-0.10915374755859375,-0.12994384765625,-0.1031494140625
97_0.52_0.61.png,-0.5969161987304688,-0.212982177734375,-0.38393402099609375,-0.2559814453125,-0.285003662109375,-0.212982177734375
981_0.61_1.86.png,0.4880218505859375,0.20162200927734375,0.28639984130859375,0.2103424072265625,0.321044921875,0.20162200927734375
982_0.97_0.98.png,0.18313217163085938,0.07211685180664062,0.11101531982421875,0.08438873291015625,0.07888031005859375,0.07211685180664062
985_0.85_0.52.png,-0.11516189575195312,-0.13016891479492188,0.01500701904296875,-0.08037567138671875,-0.12533187866210938,-0.13016891479492188
989_0.59_1.18.png,0.3325347900390625,0.09105300903320312,0.24148178100585938,0.21002578735351562,0.14988327026367188,0.09105300903320312
993_0.96_1.77.png,-0.07724380493164062,-0.062442779541015625,-0.014801025390625,-0.08560943603515625,-0.07384490966796875,-0.062442779541015625
998_0.74_1.7.png,0.5226058959960938,0.3202171325683594,0.20238876342773438,0.36187744140625,0.35066986083984375,0.3202171325683594
